	23.0	24.0	25.0	26.0	27.0	28.0	29.0	30.0	31.0	32.0	33.0	34.0	35.0	36.0	37.0
Lle-AHam_001.clmp.fp2_repr.R1	2.0	41.0	571.0	3133.0	11505.0	30450.0	66764.0	111359.0	154954.0	185709.0	209795.0	232071.0	310792.0	1210411.0	591775.0
	22.0	23.0	24.0	25.0	26.0	27.0	28.0	29.0	30.0	31.0	32.0	33.0	34.0	35.0	36.0	37.0
Lle-AHam_001.clmp.fp2_repr.R2	5.0	108.0	1071.0	5026.0	11963.0	22078.0	39411.0	71585.0	116082.0	164331.0	200456.0	226695.0	254848.0	441267.0	1393124.0	171282.0
	23.0	24.0	25.0	26.0	27.0	28.0	29.0	30.0	31.0	32.0	33.0	34.0	35.0	36.0	37.0
Lle-AHam_002.clmp.fp2_repr.R1	3.0	41.0	478.0	3102.0	11092.0	29211.0	62927.0	104254.0	144906.0	172970.0	195603.0	216950.0	294972.0	1206670.0	609494.0
	22.0	23.0	24.0	25.0	26.0	27.0	28.0	29.0	30.0	31.0	32.0	33.0	34.0	35.0	36.0	37.0
Lle-AHam_002.clmp.fp2_repr.R2	2.0	92.0	774.0	3897.0	9941.0	19213.0	34358.0	63155.0	102506.0	146059.0	180975.0	207720.0	237459.0	420967.0	1431141.0	194414.0
	23.0	24.0	25.0	26.0	27.0	28.0	29.0	30.0	31.0	32.0	33.0	34.0	35.0	36.0	37.0
Lle-AHam_003.clmp.fp2_repr.R1	5.0	57.0	691.0	4071.0	14042.0	36334.0	76605.0	126176.0	175065.0	210680.0	239810.0	271239.0	392655.0	1754093.0	917272.0
	22.0	23.0	24.0	25.0	26.0	27.0	28.0	29.0	30.0	31.0	32.0	33.0	34.0	35.0	36.0	37.0
Lle-AHam_003.clmp.fp2_repr.R2	6.0	136.0	1219.0	6025.0	14870.0	26141.0	44783.0	79063.0	124884.0	176782.0	218215.0	254449.0	303311.0	575274.0	2066457.0	327180.0
	23.0	24.0	25.0	26.0	27.0	28.0	29.0	30.0	31.0	32.0	33.0	34.0	35.0	36.0	37.0
Lle-AHam_004.clmp.fp2_repr.R1	6.0	58.0	639.0	3733.0	13429.0	35168.0	74209.0	123264.0	172264.0	209222.0	241772.0	278300.0	424747.0	1785985.0	641967.0
	22.0	23.0	24.0	25.0	26.0	27.0	28.0	29.0	30.0	31.0	32.0	33.0	34.0	35.0	36.0	37.0
Lle-AHam_004.clmp.fp2_repr.R2	3.0	137.0	1151.0	5864.0	14262.0	26348.0	45138.0	80882.0	129215.0	181629.0	222890.0	258429.0	306490.0	580509.0	1867781.0	284035.0
	23.0	24.0	25.0	26.0	27.0	28.0	29.0	30.0	31.0	32.0	33.0	34.0	35.0	36.0	37.0
Lle-AHam_005.clmp.fp2_repr.R1	5.0	51.0	597.0	3704.0	13188.0	34374.0	72557.0	120731.0	168530.0	203879.0	234099.0	271118.0	410171.0	1711241.0	595325.0
	22.0	23.0	24.0	25.0	26.0	27.0	28.0	29.0	30.0	31.0	32.0	33.0	34.0	35.0	36.0	37.0
Lle-AHam_005.clmp.fp2_repr.R2	4.0	96.0	1085.0	5567.0	13882.0	25094.0	42752.0	76606.0	121274.0	172424.0	211809.0	244883.0	290851.0	546056.0	1802698.0	284489.0
	23.0	24.0	25.0	26.0	27.0	28.0	29.0	30.0	31.0	32.0	33.0	34.0	35.0	36.0	37.0
Lle-AHam_006.clmp.fp2_repr.R1	8.0	47.0	735.0	4044.0	14686.0	37852.0	80253.0	132030.0	184399.0	222235.0	257610.0	303688.0	476613.0	2077314.0	787028.0
	22.0	23.0	24.0	25.0	26.0	27.0	28.0	29.0	30.0	31.0	32.0	33.0	34.0	35.0	36.0	37.0
Lle-AHam_006.clmp.fp2_repr.R2	10.0	119.0	1014.0	5680.0	14585.0	27139.0	46238.0	81066.0	129479.0	184325.0	227081.0	267662.0	325598.0	638903.0	2224704.0	404939.0
	24.0	25.0	26.0	27.0	28.0	29.0	30.0	31.0	32.0	33.0	34.0	35.0	36.0	37.0
Lle-AHam_007.clmp.fp2_repr.R1	35.0	478.0	2768.0	9966.0	26466.0	56856.0	94964.0	130830.0	152830.0	170309.0	185364.0	253503.0	1058074.0	570429.0
	22.0	23.0	24.0	25.0	26.0	27.0	28.0	29.0	30.0	31.0	32.0	33.0	34.0	35.0	36.0	37.0
Lle-AHam_007.clmp.fp2_repr.R2	1.0	75.0	766.0	3865.0	9494.0	17160.0	30308.0	55264.0	88652.0	126734.0	155516.0	178978.0	204759.0	351435.0	1276402.0	213463.0
	24.0	25.0	26.0	27.0	28.0	29.0	30.0	31.0	32.0	33.0	34.0	35.0	36.0	37.0
Lle-AHam_008.clmp.fp2_repr.R1	22.0	251.0	1196.0	4590.0	11673.0	24863.0	41301.0	57547.0	70008.0	83028.0	99174.0	155031.0	734130.0	420261.0
	22.0	23.0	24.0	25.0	26.0	27.0	28.0	29.0	30.0	31.0	32.0	33.0	34.0	35.0	36.0	37.0
Lle-AHam_008.clmp.fp2_repr.R2	1.0	29.0	274.0	1603.0	4090.0	7458.0	12750.0	22666.0	35778.0	52156.0	67978.0	85533.0	109199.0	221559.0	894839.0	187162.0
	23.0	24.0	25.0	26.0	27.0	28.0	29.0	30.0	31.0	32.0	33.0	34.0	35.0	36.0	37.0
Lle-AHam_009.clmp.fp2_repr.R1	3.0	26.0	387.0	2405.0	8970.0	25096.0	56006.0	94471.0	133534.0	161435.0	184157.0	205352.0	285580.0	1185163.0	675026.0
	22.0	23.0	24.0	25.0	26.0	27.0	28.0	29.0	30.0	31.0	32.0	33.0	34.0	35.0	36.0	37.0
Lle-AHam_009.clmp.fp2_repr.R2	5.0	72.0	717.0	3500.0	8489.0	16120.0	29535.0	55051.0	92428.0	134017.0	168319.0	195191.0	228652.0	416156.0	1447764.0	221595.0
	23.0	24.0	25.0	26.0	27.0	28.0	29.0	30.0	31.0	32.0	33.0	34.0	35.0	36.0	37.0
Lle-AHam_010.clmp.fp2_repr.R1	2.0	51.0	598.0	3452.0	12618.0	34461.0	75141.0	126609.0	178571.0	213127.0	243096.0	274516.0	387424.0	1709467.0	992924.0
	22.0	23.0	24.0	25.0	26.0	27.0	28.0	29.0	30.0	31.0	32.0	33.0	34.0	35.0	36.0	37.0
Lle-AHam_010.clmp.fp2_repr.R2	1.0	97.0	853.0	4328.0	11554.0	22160.0	39847.0	73165.0	119630.0	174325.0	218716.0	257457.0	305624.0	563115.0	2113618.0	347567.0
	23.0	24.0	25.0	26.0	27.0	28.0	29.0	30.0	31.0	32.0	33.0	34.0	35.0	36.0	37.0
Lle-AHam_011.clmp.fp2_repr.R1	3.0	26.0	243.0	1717.0	6134.0	16733.0	36522.0	61556.0	86527.0	104303.0	117602.0	130883.0	179820.0	738071.0	350044.0
	22.0	23.0	24.0	25.0	26.0	27.0	28.0	29.0	30.0	31.0	32.0	33.0	34.0	35.0	36.0	37.0
Lle-AHam_011.clmp.fp2_repr.R2	3.0	57.0	488.0	2500.0	5911.0	11055.0	19191.0	35428.0	57471.0	83616.0	105203.0	123061.0	142590.0	245454.0	877181.0	120975.0
	23.0	24.0	25.0	26.0	27.0	28.0	29.0	30.0	31.0	32.0	33.0	34.0	35.0	36.0	37.0
Lle-AHam_012.clmp.fp2_repr.R1	3.0	30.0	356.0	2024.0	7835.0	21490.0	47407.0	80505.0	113133.0	136936.0	154786.0	174357.0	239102.0	972122.0	462233.0
	22.0	23.0	24.0	25.0	26.0	27.0	28.0	29.0	30.0	31.0	32.0	33.0	34.0	35.0	36.0	37.0
Lle-AHam_012.clmp.fp2_repr.R2	7.0	63.0	467.0	2437.0	6739.0	13241.0	23691.0	44230.0	73120.0	106159.0	134655.0	158865.0	187980.0	337823.0	1175799.0	147043.0
	24.0	25.0	26.0	27.0	28.0	29.0	30.0	31.0	32.0	33.0	34.0	35.0	36.0	37.0
Lle-AHam_013.clmp.fp2_repr.R1	5.0	62.0	287.0	858.0	2071.0	4247.0	6871.0	9859.0	11889.0	14220.0	17202.0	26951.0	124438.0	53194.0
	23.0	24.0	25.0	26.0	27.0	28.0	29.0	30.0	31.0	32.0	33.0	34.0	35.0	36.0	37.0
Lle-AHam_013.clmp.fp2_repr.R2	12.0	74.0	333.0	760.0	1367.0	2325.0	3989.0	6336.0	9226.0	11846.0	14799.0	18979.0	39669.0	144523.0	17916.0
	23.0	24.0	25.0	26.0	27.0	28.0	29.0	30.0	31.0	32.0	33.0	34.0	35.0	36.0	37.0
Lle-AHam_014.clmp.fp2_repr.R1	4.0	80.0	805.0	4125.0	14124.0	35951.0	76742.0	127547.0	175319.0	209381.0	235388.0	264131.0	371703.0	1615589.0	851439.0
	22.0	23.0	24.0	25.0	26.0	27.0	28.0	29.0	30.0	31.0	32.0	33.0	34.0	35.0	36.0	37.0
Lle-AHam_014.clmp.fp2_repr.R2	7.0	135.0	1005.0	5129.0	13168.0	23829.0	41444.0	73662.0	117808.0	169368.0	210086.0	246966.0	288731.0	522389.0	1940777.0	327824.0
	23.0	24.0	25.0	26.0	27.0	28.0	29.0	30.0	31.0	32.0	33.0	34.0	35.0	36.0	37.0
Lle-AHam_015.clmp.fp2_repr.R1	4.0	59.0	676.0	3957.0	13258.0	34045.0	71629.0	117002.0	161511.0	192318.0	217363.0	245890.0	357127.0	1654069.0	954094.0
	22.0	23.0	24.0	25.0	26.0	27.0	28.0	29.0	30.0	31.0	32.0	33.0	34.0	35.0	36.0	37.0
Lle-AHam_015.clmp.fp2_repr.R2	5.0	111.0	954.0	4910.0	12252.0	23256.0	38233.0	68121.0	109298.0	155809.0	193205.0	226519.0	270212.0	510348.0	2027961.0	381808.0
	24.0	25.0	26.0	27.0	28.0	29.0	30.0	31.0	32.0	33.0	34.0	35.0	36.0	37.0
Lle-AHam_016.clmp.fp2_repr.R1	11.0	153.0	770.0	3045.0	8204.0	17376.0	30572.0	43357.0	54512.0	65652.0	77387.0	113999.0	443183.0	137498.0
	22.0	23.0	24.0	25.0	26.0	27.0	28.0	29.0	30.0	31.0	32.0	33.0	34.0	35.0	36.0	37.0
Lle-AHam_016.clmp.fp2_repr.R2	1.0	15.0	203.0	1024.0	3004.0	6051.0	10918.0	20088.0	33052.0	48295.0	59865.0	69901.0	84640.0	160643.0	453529.0	44490.0
	23.0	24.0	25.0	26.0	27.0	28.0	29.0	30.0	31.0	32.0	33.0	34.0	35.0	36.0	37.0
Lle-AHam_017.clmp.fp2_repr.R1	2.0	60.0	783.0	4432.0	16272.0	42654.0	91878.0	153731.0	215478.0	262062.0	305149.0	355280.0	524358.0	2085590.0	686385.0
	22.0	23.0	24.0	25.0	26.0	27.0	28.0	29.0	30.0	31.0	32.0	33.0	34.0	35.0	36.0	37.0
Lle-AHam_017.clmp.fp2_repr.R2	11.0	145.0	1385.0	6715.0	17422.0	32822.0	56569.0	101946.0	162987.0	229758.0	283531.0	327961.0	388699.0	710833.0	2140982.0	282348.0
	23.0	24.0	25.0	26.0	27.0	28.0	29.0	30.0	31.0	32.0	33.0	34.0	35.0	36.0	37.0
Lle-AHam_018.clmp.fp2_repr.R1	4.0	41.0	585.0	3421.0	12331.0	33682.0	73375.0	122651.0	171468.0	204908.0	232678.0	262095.0	370105.0	1558855.0	863110.0
	22.0	23.0	24.0	25.0	26.0	27.0	28.0	29.0	30.0	31.0	32.0	33.0	34.0	35.0	36.0	37.0
Lle-AHam_018.clmp.fp2_repr.R2	2.0	100.0	899.0	4321.0	10985.0	20801.0	37069.0	68774.0	113113.0	165061.0	208107.0	245961.0	289255.0	524815.0	1915867.0	304179.0
	23.0	24.0	25.0	26.0	27.0	28.0	29.0	30.0	31.0	32.0	33.0	34.0	35.0	36.0	37.0
Lle-AHam_019.clmp.fp2_repr.R1	1.0	50.0	490.0	2641.0	9895.0	25880.0	54396.0	89207.0	122203.0	144167.0	164158.0	186923.0	279373.0	1347473.0	882241.0
	22.0	23.0	24.0	25.0	26.0	27.0	28.0	29.0	30.0	31.0	32.0	33.0	34.0	35.0	36.0	37.0
Lle-AHam_019.clmp.fp2_repr.R2	4.0	54.0	557.0	2803.0	7388.0	14836.0	25908.0	46416.0	75705.0	109403.0	137409.0	165692.0	202642.0	402740.0	1730715.0	386826.0
	23.0	24.0	25.0	26.0	27.0	28.0	29.0	30.0	31.0	32.0	33.0	34.0	35.0	36.0	37.0
Lle-AHam_020.clmp.fp2_repr.R1	3.0	29.0	402.0	2439.0	8671.0	22603.0	48053.0	78386.0	107746.0	125422.0	138603.0	150364.0	208998.0	859893.0	429501.0
	22.0	23.0	24.0	25.0	26.0	27.0	28.0	29.0	30.0	31.0	32.0	33.0	34.0	35.0	36.0	37.0
Lle-AHam_020.clmp.fp2_repr.R2	1.0	80.0	757.0	3460.0	8323.0	14465.0	24929.0	45304.0	71865.0	101557.0	123959.0	143547.0	165065.0	287201.0	1024172.0	166428.0
	23.0	24.0	25.0	26.0	27.0	28.0	29.0	30.0	31.0	32.0	33.0	34.0	35.0	36.0	37.0
Lle-AHam_021.clmp.fp2_repr.R1	3.0	29.0	467.0	2537.0	9061.0	24475.0	53078.0	88412.0	122836.0	147324.0	168346.0	190907.0	278665.0	1373076.0	854226.0
	22.0	23.0	24.0	25.0	26.0	27.0	28.0	29.0	30.0	31.0	32.0	33.0	34.0	35.0	36.0	37.0
Lle-AHam_021.clmp.fp2_repr.R2	4.0	66.0	610.0	3094.0	7911.0	15309.0	26503.0	48703.0	78851.0	115209.0	146914.0	175490.0	213024.0	418879.0	1739466.0	323409.0
	23.0	24.0	25.0	26.0	27.0	28.0	29.0	30.0	31.0	32.0	33.0	34.0	35.0	36.0	37.0
Lle-AHam_022.clmp.fp2_repr.R1	5.0	37.0	503.0	2680.0	10383.0	28589.0	62559.0	105784.0	146402.0	173654.0	194359.0	211936.0	284412.0	1122686.0	592353.0
	22.0	23.0	24.0	25.0	26.0	27.0	28.0	29.0	30.0	31.0	32.0	33.0	34.0	35.0	36.0	37.0
Lle-AHam_022.clmp.fp2_repr.R2	10.0	117.0	954.0	4441.0	10373.0	19248.0	33744.0	61962.0	100238.0	144632.0	177434.0	203391.0	231209.0	394123.0	1344097.0	210369.0
	23.0	24.0	25.0	26.0	27.0	28.0	29.0	30.0	31.0	32.0	33.0	34.0	35.0	36.0	37.0
Lle-AHam_023.clmp.fp2_repr.R1	4.0	63.0	579.0	3161.0	11753.0	31736.0	69429.0	115052.0	160453.0	192379.0	217186.0	241947.0	330634.0	1342341.0	686265.0
	22.0	23.0	24.0	25.0	26.0	27.0	28.0	29.0	30.0	31.0	32.0	33.0	34.0	35.0	36.0	37.0
Lle-AHam_023.clmp.fp2_repr.R2	3.0	106.0	950.0	4675.0	11387.0	21550.0	37757.0	69153.0	110906.0	158995.0	197437.0	228749.0	264089.0	455849.0	1595016.0	246360.0
	24.0	25.0	26.0	27.0	28.0	29.0	30.0	31.0	32.0	33.0	34.0	35.0	36.0	37.0
Lle-AHam_024.clmp.fp2_repr.R1	39.0	415.0	2378.0	8703.0	23598.0	51786.0	87764.0	122268.0	147003.0	166231.0	186081.0	254345.0	1047415.0	509773.0
	22.0	23.0	24.0	25.0	26.0	27.0	28.0	29.0	30.0	31.0	32.0	33.0	34.0	35.0	36.0	37.0
Lle-AHam_024.clmp.fp2_repr.R2	5.0	100.0	765.0	3591.0	8743.0	15900.0	28259.0	51767.0	83076.0	120160.0	150083.0	176384.0	203007.0	343076.0	1243709.0	179174.0
	23.0	24.0	25.0	26.0	27.0	28.0	29.0	30.0	31.0	32.0	33.0	34.0	35.0	36.0	37.0
Lle-AHam_025.clmp.fp2_repr.R1	4.0	25.0	382.0	1994.0	6711.0	17751.0	37674.0	62392.0	87009.0	103439.0	118585.0	132756.0	185654.0	787651.0	439262.0
	22.0	23.0	24.0	25.0	26.0	27.0	28.0	29.0	30.0	31.0	32.0	33.0	34.0	35.0	36.0	37.0
Lle-AHam_025.clmp.fp2_repr.R2	4.0	57.0	482.0	2472.0	6076.0	11680.0	20953.0	37359.0	61008.0	87226.0	108139.0	125415.0	145392.0	269191.0	957218.0	148617.0
	23.0	24.0	25.0	26.0	27.0	28.0	29.0	30.0	31.0	32.0	33.0	34.0	35.0	36.0	37.0
Lle-AHam_026.clmp.fp2_repr.R1	4.0	33.0	420.0	2312.0	8060.0	20404.0	42681.0	70366.0	96449.0	115472.0	130899.0	149040.0	214033.0	981315.0	557683.0
	22.0	23.0	24.0	25.0	26.0	27.0	28.0	29.0	30.0	31.0	32.0	33.0	34.0	35.0	36.0	37.0
Lle-AHam_026.clmp.fp2_repr.R2	1.0	47.0	536.0	2818.0	7158.0	13396.0	23533.0	41883.0	67599.0	96185.0	119169.0	138759.0	164762.0	315838.0	1195932.0	201555.0
	23.0	24.0	25.0	26.0	27.0	28.0	29.0	30.0	31.0	32.0	33.0	34.0	35.0	36.0	37.0
Lle-AHam_027.clmp.fp2_repr.R1	3.0	20.0	318.0	1896.0	7087.0	18970.0	41138.0	68676.0	96998.0	120110.0	141797.0	166665.0	260384.0	1118519.0	444083.0
	22.0	23.0	24.0	25.0	26.0	27.0	28.0	29.0	30.0	31.0	32.0	33.0	34.0	35.0	36.0	37.0
Lle-AHam_027.clmp.fp2_repr.R2	6.0	59.0	582.0	2919.0	7535.0	14098.0	25069.0	45441.0	73657.0	104736.0	129168.0	150827.0	183794.0	371752.0	1189076.0	187945.0
	23.0	24.0	25.0	26.0	27.0	28.0	29.0	30.0	31.0	32.0	33.0	34.0	35.0	36.0	37.0
Lle-AHam_028.clmp.fp2_repr.R1	3.0	19.0	217.0	1272.0	4611.0	12216.0	26686.0	44148.0	62674.0	76486.0	89353.0	107505.0	171182.0	782446.0	305052.0
	23.0	24.0	25.0	26.0	27.0	28.0	29.0	30.0	31.0	32.0	33.0	34.0	35.0	36.0	37.0
Lle-AHam_028.clmp.fp2_repr.R2	25.0	288.0	1542.0	4240.0	8101.0	14628.0	26884.0	43507.0	62361.0	78312.0	93012.0	116267.0	245726.0	858537.0	130440.0
	23.0	24.0	25.0	26.0	27.0	28.0	29.0	30.0	31.0	32.0	33.0	34.0	35.0	36.0	37.0
Lle-AHam_029.clmp.fp2_repr.R1	6.0	42.0	532.0	2997.0	10751.0	28250.0	60647.0	100287.0	139713.0	168551.0	195175.0	224146.0	331061.0	1300233.0	446851.0
	22.0	23.0	24.0	25.0	26.0	27.0	28.0	29.0	30.0	31.0	32.0	33.0	34.0	35.0	36.0	37.0
Lle-AHam_029.clmp.fp2_repr.R2	2.0	104.0	1011.0	4994.0	12334.0	22073.0	38291.0	68529.0	108354.0	150586.0	181284.0	207723.0	242753.0	446211.0	1331315.0	193678.0
	23.0	24.0	25.0	26.0	27.0	28.0	29.0	30.0	31.0	32.0	33.0	34.0	35.0	36.0	37.0
Lle-AHam_030.clmp.fp2_repr.R1	7.0	49.0	649.0	3492.0	12269.0	31376.0	67232.0	110138.0	150518.0	175693.0	195367.0	214155.0	298341.0	1250232.0	668155.0
	22.0	23.0	24.0	25.0	26.0	27.0	28.0	29.0	30.0	31.0	32.0	33.0	34.0	35.0	36.0	37.0
Lle-AHam_030.clmp.fp2_repr.R2	9.0	134.0	1154.0	5602.0	12142.0	20600.0	35976.0	64547.0	102037.0	143218.0	175956.0	203323.0	234103.0	404182.0	1507857.0	266833.0
	23.0	24.0	25.0	26.0	27.0	28.0	29.0	30.0	31.0	32.0	33.0	34.0	35.0	36.0	37.0
Lle-AHam_031.clmp.fp2_repr.R1	7.0	74.0	825.0	4651.0	16778.0	43429.0	93685.0	155071.0	212616.0	247947.0	275018.0	301790.0	414594.0	1662865.0	801567.0
	22.0	23.0	24.0	25.0	26.0	27.0	28.0	29.0	30.0	31.0	32.0	33.0	34.0	35.0	36.0	37.0
Lle-AHam_031.clmp.fp2_repr.R2	8.0	171.0	1427.0	6776.0	15994.0	28136.0	48464.0	86110.0	137117.0	196488.0	243456.0	282664.0	325417.0	547458.0	1971750.0	339481.0
	23.0	24.0	25.0	26.0	27.0	28.0	29.0	30.0	31.0	32.0	33.0	34.0	35.0	36.0	37.0
Lle-AHam_032.clmp.fp2_repr.R1	3.0	44.0	647.0	3634.0	12333.0	32050.0	66938.0	110331.0	150943.0	175537.0	196410.0	218016.0	313841.0	1438626.0	844132.0
	22.0	23.0	24.0	25.0	26.0	27.0	28.0	29.0	30.0	31.0	32.0	33.0	34.0	35.0	36.0	37.0
Lle-AHam_032.clmp.fp2_repr.R2	4.0	85.0	834.0	4034.0	10017.0	18074.0	31638.0	57130.0	91549.0	132141.0	167377.0	198692.0	235782.0	428895.0	1807316.0	379917.0
	23.0	24.0	25.0	26.0	27.0	28.0	29.0	30.0	31.0	32.0	33.0	34.0	35.0	36.0	37.0
Lle-CNas_001.clmp.fp2_repr.R1	2.0	15.0	127.0	676.0	2519.0	6988.0	14936.0	25872.0	38717.0	51853.0	67549.0	92806.0	169731.0	1229749.0	347064.0
	22.0	23.0	24.0	25.0	26.0	27.0	28.0	29.0	30.0	31.0	32.0	33.0	34.0	35.0	36.0	37.0
Lle-CNas_001.clmp.fp2_repr.R2	4.0	18.0	231.0	1082.0	2992.0	6360.0	11836.0	21050.0	33401.0	49412.0	67360.0	89687.0	134806.0	339223.0	1198969.0	92173.0
	24.0	25.0	26.0	27.0	28.0	29.0	30.0	31.0	32.0	33.0	34.0	35.0	36.0	37.0
Lle-CNas_002.clmp.fp2_repr.R1	10.0	87.0	532.0	1913.0	5170.0	11784.0	20123.0	30175.0	40243.0	52450.0	70896.0	130294.0	926676.0	259340.0
	22.0	23.0	24.0	25.0	26.0	27.0	28.0	29.0	30.0	31.0	32.0	33.0	34.0	35.0	36.0	37.0
Lle-CNas_002.clmp.fp2_repr.R2	3.0	26.0	188.0	887.0	2395.0	4962.0	8777.0	15720.0	24796.0	36142.0	49402.0	66422.0	97572.0	233284.0	924602.0	84515.0
	23.0	24.0	25.0	26.0	27.0	28.0	29.0	30.0	31.0	32.0	33.0	34.0	35.0	36.0	37.0
Lle-CNas_003.clmp.fp2_repr.R1	3.0	14.0	95.0	684.0	2574.0	6689.0	14913.0	25535.0	38124.0	51513.0	69666.0	97236.0	186724.0	1221654.0	252016.0
	22.0	23.0	24.0	25.0	26.0	27.0	28.0	29.0	30.0	31.0	32.0	33.0	34.0	35.0	36.0	37.0
Lle-CNas_003.clmp.fp2_repr.R2	2.0	37.0	253.0	1265.0	3520.0	7251.0	12889.0	22533.0	35641.0	52021.0	70069.0	94421.0	144347.0	360568.0	1088121.0	74502.0
	24.0	25.0	26.0	27.0	28.0	29.0	30.0	31.0	32.0	33.0	34.0	35.0	36.0	37.0
Lle-CNas_004.clmp.fp2_repr.R1	9.0	110.0	651.0	2775.0	7895.0	17376.0	31160.0	46459.0	63025.0	82620.0	110498.0	194123.0	1339461.0	396361.0
	22.0	23.0	24.0	25.0	26.0	27.0	28.0	29.0	30.0	31.0	32.0	33.0	34.0	35.0	36.0	37.0
Lle-CNas_004.clmp.fp2_repr.R2	4.0	29.0	265.0	1376.0	3921.0	8523.0	15432.0	27388.0	43311.0	63722.0	85549.0	113007.0	162927.0	375228.0	1291264.0	100577.0
	24.0	25.0	26.0	27.0	28.0	29.0	30.0	31.0	32.0	33.0	34.0	35.0	36.0	37.0
Lle-CNas_005.clmp.fp2_repr.R1	10.0	87.0	466.0	1675.0	4407.0	9390.0	16126.0	24128.0	32428.0	42585.0	59474.0	113266.0	771240.0	185582.0
	22.0	23.0	24.0	25.0	26.0	27.0	28.0	29.0	30.0	31.0	32.0	33.0	34.0	35.0	36.0	37.0
Lle-CNas_005.clmp.fp2_repr.R2	2.0	23.0	194.0	878.0	2212.0	4589.0	7850.0	13060.0	20698.0	30419.0	42006.0	56460.0	87464.0	212564.0	725381.0	57064.0
	23.0	24.0	25.0	26.0	27.0	28.0	29.0	30.0	31.0	32.0	33.0	34.0	35.0	36.0	37.0
Lle-CNas_006.clmp.fp2_repr.R1	2.0	28.0	218.0	1509.0	5820.0	15865.0	35008.0	59517.0	89709.0	119791.0	159027.0	223013.0	432632.0	2906952.0	643848.0
	22.0	23.0	24.0	25.0	26.0	27.0	28.0	29.0	30.0	31.0	32.0	33.0	34.0	35.0	36.0	37.0
Lle-CNas_006.clmp.fp2_repr.R2	3.0	73.0	669.0	3114.0	8145.0	16587.0	29375.0	51796.0	81991.0	119822.0	160613.0	217558.0	334935.0	834644.0	2623651.0	209963.0
	23.0	24.0	25.0	26.0	27.0	28.0	29.0	30.0	31.0	32.0	33.0	34.0	35.0	36.0	37.0
Lle-CNas_007.clmp.fp2_repr.R1	1.0	13.0	97.0	610.0	2311.0	6007.0	13148.0	22502.0	32938.0	43373.0	55975.0	76481.0	140022.0	1027836.0	284350.0
	21.0	22.0	23.0	24.0	25.0	26.0	27.0	28.0	29.0	30.0	31.0	32.0	33.0	34.0	35.0	36.0	37.0
Lle-CNas_007.clmp.fp2_repr.R2	1.0	2.0	19.0	193.0	980.0	2755.0	5581.0	9809.0	16975.0	26998.0	39801.0	53581.0	70616.0	104957.0	262180.0	1020646.0	90570.0
	24.0	25.0	26.0	27.0	28.0	29.0	30.0	31.0	32.0	33.0	34.0	35.0	36.0	37.0
Lle-CNas_008.clmp.fp2_repr.R1	6.0	116.0	716.0	2459.0	6716.0	14781.0	25510.0	38388.0	51790.0	68168.0	92322.0	167732.0	1123853.0	312703.0
	22.0	23.0	24.0	25.0	26.0	27.0	28.0	29.0	30.0	31.0	32.0	33.0	34.0	35.0	36.0	37.0
Lle-CNas_008.clmp.fp2_repr.R2	1.0	33.0	182.0	1145.0	3145.0	6495.0	12021.0	20796.0	33306.0	49466.0	67218.0	90589.0	134300.0	316001.0	1081740.0	88822.0
	23.0	24.0	25.0	26.0	27.0	28.0	29.0	30.0	31.0	32.0	33.0	34.0	35.0	36.0	37.0
Lle-CNas_009.clmp.fp2_repr.R1	1.0	11.0	122.0	802.0	2821.0	7659.0	16602.0	28729.0	42283.0	56332.0	72965.0	101547.0	198237.0	1436366.0	331806.0
	22.0	23.0	24.0	25.0	26.0	27.0	28.0	29.0	30.0	31.0	32.0	33.0	34.0	35.0	36.0	37.0
Lle-CNas_009.clmp.fp2_repr.R2	1.0	42.0	311.0	1334.0	3574.0	6884.0	11965.0	21483.0	34239.0	50708.0	68409.0	91585.0	138697.0	351538.0	1386100.0	129413.0
	22.0	23.0	24.0	25.0	26.0	27.0	28.0	29.0	30.0	31.0	32.0	33.0	34.0	35.0	36.0	37.0
Lle-CNas_010.clmp.fp2_repr.R1	1.0	0.0	5.0	120.0	630.0	2366.0	6309.0	13252.0	22230.0	33152.0	43401.0	56611.0	75782.0	139569.0	989947.0	280425.0
	22.0	23.0	24.0	25.0	26.0	27.0	28.0	29.0	30.0	31.0	32.0	33.0	34.0	35.0	36.0	37.0
Lle-CNas_010.clmp.fp2_repr.R2	1.0	19.0	216.0	933.0	2501.0	5077.0	8993.0	16020.0	25496.0	37730.0	50832.0	67234.0	99142.0	237905.0	1014377.0	97324.0
	24.0	25.0	26.0	27.0	28.0	29.0	30.0	31.0	32.0	33.0	34.0	35.0	36.0	37.0
Lle-CNas_011.clmp.fp2_repr.R1	8.0	103.0	668.0	2169.0	5588.0	12038.0	20553.0	30675.0	40702.0	53364.0	73680.0	137957.0	952990.0	239791.0
	22.0	23.0	24.0	25.0	26.0	27.0	28.0	29.0	30.0	31.0	32.0	33.0	34.0	35.0	36.0	37.0
Lle-CNas_011.clmp.fp2_repr.R2	1.0	29.0	213.0	1044.0	2629.0	5256.0	9250.0	15712.0	24835.0	36550.0	49989.0	68526.0	102814.0	245822.0	925054.0	82562.0
	24.0	25.0	26.0	27.0	28.0	29.0	30.0	31.0	32.0	33.0	34.0	35.0	36.0	37.0
Lle-CNas_012.clmp.fp2_repr.R1	9.0	108.0	653.0	2700.0	7874.0	16987.0	29965.0	45955.0	62910.0	84727.0	119448.0	227450.0	1641109.0	415099.0
	22.0	23.0	24.0	25.0	26.0	27.0	28.0	29.0	30.0	31.0	32.0	33.0	34.0	35.0	36.0	37.0
Lle-CNas_012.clmp.fp2_repr.R2	2.0	51.0	355.0	1801.0	4852.0	9535.0	17028.0	29580.0	46411.0	67645.0	92425.0	127182.0	198012.0	492083.0	1468246.0	99786.0
	23.0	24.0	25.0	26.0	27.0	28.0	29.0	30.0	31.0	32.0	33.0	34.0	35.0	36.0	37.0
Lle-CNas_013.clmp.fp2_repr.R1	1.0	6.0	94.0	516.0	1966.0	5287.0	11416.0	19905.0	29635.0	39232.0	52049.0	70919.0	134360.0	945343.0	251264.0
	23.0	24.0	25.0	26.0	27.0	28.0	29.0	30.0	31.0	32.0	33.0	34.0	35.0	36.0	37.0
Lle-CNas_013.clmp.fp2_repr.R2	17.0	142.0	775.0	2015.0	4349.0	8025.0	14478.0	23375.0	35171.0	47808.0	64953.0	99539.0	249258.0	930991.0	81097.0
	23.0	24.0	25.0	26.0	27.0	28.0	29.0	30.0	31.0	32.0	33.0	34.0	35.0	36.0	37.0
Lle-CNas_014.clmp.fp2_repr.R1	1.0	12.0	172.0	970.0	3822.0	10499.0	22501.0	38478.0	56155.0	73632.0	94505.0	125004.0	222762.0	1587060.0	476120.0
	23.0	24.0	25.0	26.0	27.0	28.0	29.0	30.0	31.0	32.0	33.0	34.0	35.0	36.0	37.0
Lle-CNas_014.clmp.fp2_repr.R2	37.0	312.0	1435.0	4011.0	8478.0	15349.0	27489.0	43982.0	65534.0	88343.0	115826.0	166205.0	395597.0	1630686.0	148409.0
	24.0	25.0	26.0	27.0	28.0	29.0	30.0	31.0	32.0	33.0	34.0	35.0	36.0	37.0
Lle-CNas_015.clmp.fp2_repr.R1	17.0	139.0	775.0	2759.0	7108.0	15338.0	25870.0	38037.0	50938.0	66372.0	90997.0	175005.0	1128022.0	241093.0
	22.0	23.0	24.0	25.0	26.0	27.0	28.0	29.0	30.0	31.0	32.0	33.0	34.0	35.0	36.0	37.0
Lle-CNas_015.clmp.fp2_repr.R2	2.0	31.0	269.0	1309.0	3567.0	7052.0	11992.0	20712.0	32924.0	47709.0	64105.0	84952.0	126352.0	316458.0	1040839.0	84197.0
	23.0	24.0	25.0	26.0	27.0	28.0	29.0	30.0	31.0	32.0	33.0	34.0	35.0	36.0	37.0
Lle-CNas_016.clmp.fp2_repr.R1	1.0	8.0	118.0	820.0	3125.0	8650.0	19152.0	34002.0	50740.0	66000.0	85699.0	113581.0	205596.0	1501671.0	445327.0
	22.0	23.0	24.0	25.0	26.0	27.0	28.0	29.0	30.0	31.0	32.0	33.0	34.0	35.0	36.0	37.0
Lle-CNas_016.clmp.fp2_repr.R2	1.0	37.0	395.0	1831.0	4347.0	8254.0	14476.0	25521.0	40794.0	59548.0	79826.0	104740.0	151345.0	360238.0	1526376.0	156761.0
	23.0	24.0	25.0	26.0	27.0	28.0	29.0	30.0	31.0	32.0	33.0	34.0	35.0	36.0	37.0
Lle-CNas_017.clmp.fp2_repr.R1	1.0	23.0	290.0	1568.0	6022.0	16242.0	35174.0	61169.0	90352.0	119564.0	156127.0	215193.0	414046.0	2749213.0	671321.0
	21.0	22.0	23.0	24.0	25.0	26.0	27.0	28.0	29.0	30.0	31.0	32.0	33.0	34.0	35.0	36.0	37.0
Lle-CNas_017.clmp.fp2_repr.R2	1.0	3.0	76.0	534.0	2608.0	7093.0	14272.0	25473.0	45973.0	74091.0	110007.0	146385.0	196398.0	295402.0	755901.0	2611551.0	250537.0
	23.0	24.0	25.0	26.0	27.0	28.0	29.0	30.0	31.0	32.0	33.0	34.0	35.0	36.0	37.0
Lle-CNas_018.clmp.fp2_repr.R1	1.0	18.0	109.0	751.0	2478.0	7191.0	15176.0	25890.0	38295.0	50774.0	66028.0	90415.0	168561.0	1214298.0	337768.0
	23.0	24.0	25.0	26.0	27.0	28.0	29.0	30.0	31.0	32.0	33.0	34.0	35.0	36.0	37.0
Lle-CNas_018.clmp.fp2_repr.R2	28.0	231.0	955.0	2911.0	5978.0	10472.0	18882.0	30219.0	45145.0	61482.0	82295.0	123618.0	303444.0	1219995.0	112098.0
	22.0	23.0	24.0	25.0	26.0	27.0	28.0	29.0	30.0	31.0	32.0	33.0	34.0	35.0	36.0	37.0
Lle-CNas_019.clmp.fp2_repr.R1	1.0	1.0	9.0	72.0	468.0	1792.0	4695.0	10305.0	17776.0	26456.0	35109.0	46509.0	63463.0	117158.0	858139.0	244607.0
	23.0	24.0	25.0	26.0	27.0	28.0	29.0	30.0	31.0	32.0	33.0	34.0	35.0	36.0	37.0
Lle-CNas_019.clmp.fp2_repr.R2	21.0	180.0	867.0	2314.0	4629.0	8226.0	14445.0	23113.0	33942.0	45450.0	61276.0	92717.0	234931.0	836117.0	68332.0
	23.0	24.0	25.0	26.0	27.0	28.0	29.0	30.0	31.0	32.0	33.0	34.0	35.0	36.0	37.0
Lle-CNas_020.clmp.fp2_repr.R1	2.0	8.0	158.0	783.0	2640.0	7401.0	15342.0	26042.0	38300.0	50347.0	65739.0	89288.0	166400.0	1206310.0	315285.0
	23.0	24.0	25.0	26.0	27.0	28.0	29.0	30.0	31.0	32.0	33.0	34.0	35.0	36.0	37.0
Lle-CNas_020.clmp.fp2_repr.R2	36.0	262.0	1337.0	3512.0	6770.0	12150.0	20832.0	32412.0	47042.0	63349.0	84812.0	127568.0	308202.0	1172254.0	103507.0
	23.0	24.0	25.0	26.0	27.0	28.0	29.0	30.0	31.0	32.0	33.0	34.0	35.0	36.0	37.0
Lle-CNas_021.clmp.fp2_repr.R1	4.0	19.0	237.0	1316.0	4973.0	12966.0	27361.0	47236.0	69738.0	92646.0	122038.0	166998.0	314616.0	2206855.0	504544.0
	22.0	23.0	24.0	25.0	26.0	27.0	28.0	29.0	30.0	31.0	32.0	33.0	34.0	35.0	36.0	37.0
Lle-CNas_021.clmp.fp2_repr.R2	1.0	65.0	510.0	2279.0	6144.0	12100.0	21507.0	37563.0	59209.0	86877.0	116083.0	155043.0	230427.0	564902.0	2099004.0	179833.0
	23.0	24.0	25.0	26.0	27.0	28.0	29.0	30.0	31.0	32.0	33.0	34.0	35.0	36.0	37.0
Lle-CNas_022.clmp.fp2_repr.R1	2.0	19.0	139.0	742.0	2600.0	6907.0	15303.0	26112.0	38726.0	50213.0	65687.0	88118.0	163985.0	1182022.0	333718.0
	22.0	23.0	24.0	25.0	26.0	27.0	28.0	29.0	30.0	31.0	32.0	33.0	34.0	35.0	36.0	37.0
Lle-CNas_022.clmp.fp2_repr.R2	1.0	25.0	235.0	1120.0	2862.0	5719.0	10561.0	18586.0	29648.0	43708.0	59172.0	79897.0	117389.0	290612.0	1204473.0	110285.0
	23.0	24.0	25.0	26.0	27.0	28.0	29.0	30.0	31.0	32.0	33.0	34.0	35.0	36.0	37.0
Lle-CNas_023.clmp.fp2_repr.R1	3.0	16.0	133.0	943.0	3634.0	10026.0	22452.0	39360.0	59330.0	79334.0	105808.0	144683.0	266081.0	1851478.0	542826.0
	22.0	23.0	24.0	25.0	26.0	27.0	28.0	29.0	30.0	31.0	32.0	33.0	34.0	35.0	36.0	37.0
Lle-CNas_023.clmp.fp2_repr.R2	2.0	50.0	467.0	2390.0	6400.0	12294.0	21838.0	37503.0	59363.0	85925.0	114963.0	154642.0	233593.0	558592.0	1704210.0	133875.0
	24.0	25.0	26.0	27.0	28.0	29.0	30.0	31.0	32.0	33.0	34.0	35.0	36.0	37.0
Lle-CNas_024.clmp.fp2_repr.R1	11.0	116.0	792.0	2646.0	6929.0	14730.0	25131.0	36239.0	47544.0	60205.0	80943.0	148182.0	1037051.0	289182.0
	23.0	24.0	25.0	26.0	27.0	28.0	29.0	30.0	31.0	32.0	33.0	34.0	35.0	36.0	37.0
Lle-CNas_024.clmp.fp2_repr.R2	36.0	215.0	1021.0	2780.0	5652.0	9661.0	17345.0	27686.0	40420.0	54422.0	72031.0	104775.0	253094.0	1058635.0	101928.0
	24.0	25.0	26.0	27.0	28.0	29.0	30.0	31.0	32.0	33.0	34.0	35.0	36.0	37.0
Lle-CNas_025.clmp.fp2_repr.R1	14.0	118.0	685.0	2588.0	7078.0	15687.0	26998.0	40638.0	54100.0	71109.0	96377.0	177413.0	1263671.0	351934.0
	21.0	22.0	23.0	24.0	25.0	26.0	27.0	28.0	29.0	30.0	31.0	32.0	33.0	34.0	35.0	36.0	37.0
Lle-CNas_025.clmp.fp2_repr.R2	1.0	2.0	27.0	252.0	1166.0	3222.0	6512.0	11717.0	20986.0	33843.0	50541.0	68580.0	92035.0	135374.0	327079.0	1247228.0	109845.0
	24.0	25.0	26.0	27.0	28.0	29.0	30.0	31.0	32.0	33.0	34.0	35.0	36.0	37.0
Lle-CNas_026.clmp.fp2_repr.R1	5.0	54.0	265.0	1011.0	2384.0	5184.0	8939.0	13045.0	17416.0	23315.0	32548.0	63739.0	467603.0	121693.0
	22.0	23.0	24.0	25.0	26.0	27.0	28.0	29.0	30.0	31.0	32.0	33.0	34.0	35.0	36.0	37.0
Lle-CNas_026.clmp.fp2_repr.R2	1.0	9.0	93.0	477.0	1158.0	2279.0	3951.0	6579.0	10605.0	15546.0	21149.0	29398.0	46268.0	117013.0	458100.0	44575.0
	23.0	24.0	25.0	26.0	27.0	28.0	29.0	30.0	31.0	32.0	33.0	34.0	35.0	36.0	37.0
Lle-CNas_027.clmp.fp2_repr.R1	1.0	3.0	73.0	496.0	1889.0	5330.0	11839.0	21299.0	31843.0	43242.0	57307.0	78110.0	141675.0	1006682.0	289945.0
	22.0	23.0	24.0	25.0	26.0	27.0	28.0	29.0	30.0	31.0	32.0	33.0	34.0	35.0	36.0	37.0
Lle-CNas_027.clmp.fp2_repr.R2	1.0	30.0	193.0	989.0	2826.0	5726.0	10268.0	18262.0	29023.0	42700.0	57948.0	78116.0	116168.0	276750.0	970024.0	80710.0
	23.0	24.0	25.0	26.0	27.0	28.0	29.0	30.0	31.0	32.0	33.0	34.0	35.0	36.0	37.0
Lle-CNas_028.clmp.fp2_repr.R1	1.0	11.0	94.0	619.0	2535.0	6826.0	15742.0	28158.0	41867.0	55984.0	72370.0	98289.0	175699.0	1205490.0	348526.0
	23.0	24.0	25.0	26.0	27.0	28.0	29.0	30.0	31.0	32.0	33.0	34.0	35.0	36.0	37.0
Lle-CNas_028.clmp.fp2_repr.R2	27.0	262.0	1165.0	3260.0	6676.0	12264.0	22268.0	35737.0	53224.0	72023.0	95698.0	138814.0	323732.0	1184013.0	103048.0
	24.0	25.0	26.0	27.0	28.0	29.0	30.0	31.0	32.0	33.0	34.0	35.0	36.0	37.0
Lle-CNas_029.clmp.fp2_repr.R1	8.0	102.0	475.0	1711.0	4743.0	10205.0	17488.0	25772.0	34066.0	43451.0	58129.0	104584.0	739347.0	216710.0
	22.0	23.0	24.0	25.0	26.0	27.0	28.0	29.0	30.0	31.0	32.0	33.0	34.0	35.0	36.0	37.0
Lle-CNas_029.clmp.fp2_repr.R2	1.0	17.0	150.0	743.0	2027.0	3941.0	7218.0	12646.0	20474.0	30122.0	40291.0	53823.0	77778.0	184623.0	753738.0	69199.0
	24.0	25.0	26.0	27.0	28.0	29.0	30.0	31.0	32.0	33.0	34.0	35.0	36.0	37.0
Lle-CNas_030.clmp.fp2_repr.R1	12.0	147.0	820.0	2937.0	8229.0	17754.0	29866.0	44750.0	59744.0	77955.0	106769.0	200068.0	1441574.0	383889.0
	22.0	23.0	24.0	25.0	26.0	27.0	28.0	29.0	30.0	31.0	32.0	33.0	34.0	35.0	36.0	37.0
Lle-CNas_030.clmp.fp2_repr.R2	2.0	44.0	367.0	1643.0	4209.0	8449.0	14494.0	25044.0	39440.0	57445.0	78190.0	104965.0	158868.0	395407.0	1376834.0	109113.0
	24.0	25.0	26.0	27.0	28.0	29.0	30.0	31.0	32.0	33.0	34.0	35.0	36.0	37.0
Lle-CNas_031.clmp.fp2_repr.R1	3.0	63.0	354.0	1315.0	3543.0	7516.0	12924.0	18606.0	24283.0	31030.0	41241.0	75085.0	511299.0	143365.0
	23.0	24.0	25.0	26.0	27.0	28.0	29.0	30.0	31.0	32.0	33.0	34.0	35.0	36.0	37.0
Lle-CNas_031.clmp.fp2_repr.R2	17.0	112.0	590.0	1500.0	2924.0	5095.0	8706.0	13996.0	20488.0	27639.0	36745.0	52752.0	122049.0	524082.0	53932.0
	24.0	25.0	26.0	27.0	28.0	29.0	30.0	31.0	32.0	33.0	34.0	35.0	36.0	37.0
Lle-CNas_032.clmp.fp2_repr.R1	6.0	120.0	653.0	2505.0	6668.0	14465.0	24766.0	36883.0	47949.0	62401.0	83069.0	150468.0	1044090.0	291760.0
	22.0	23.0	24.0	25.0	26.0	27.0	28.0	29.0	30.0	31.0	32.0	33.0	34.0	35.0	36.0	37.0
Lle-CNas_032.clmp.fp2_repr.R2	1.0	27.0	239.0	1171.0	3119.0	6299.0	10992.0	19438.0	30851.0	45183.0	60659.0	80091.0	117840.0	285837.0	1019984.0	84072.0
	23.0	24.0	25.0	26.0	27.0	28.0	29.0	30.0	31.0	32.0	33.0	34.0	35.0	36.0	37.0
Lle-CNas_033.clmp.fp2_repr.R1	1.0	31.0	425.0	2105.0	7538.0	19276.0	40243.0	68131.0	98986.0	131307.0	170734.0	237308.0	468599.0	3357387.0	697032.0
	22.0	23.0	24.0	25.0	26.0	27.0	28.0	29.0	30.0	31.0	32.0	33.0	34.0	35.0	36.0	37.0
Lle-CNas_033.clmp.fp2_repr.R2	4.0	90.0	693.0	3449.0	8919.0	17332.0	29819.0	50613.0	80237.0	116323.0	158609.0	213686.0	322457.0	796294.0	3192651.0	307927.0
	24.0	25.0	26.0	27.0	28.0	29.0	30.0	31.0	32.0	33.0	34.0	35.0	36.0	37.0
Lle-CNas_034.clmp.fp2_repr.R1	6.0	102.0	595.0	2255.0	5991.0	12980.0	22689.0	33521.0	45043.0	58448.0	78853.0	143883.0	993458.0	266752.0
	22.0	23.0	24.0	25.0	26.0	27.0	28.0	29.0	30.0	31.0	32.0	33.0	34.0	35.0	36.0	37.0
Lle-CNas_034.clmp.fp2_repr.R2	2.0	30.0	210.0	939.0	2539.0	5452.0	9778.0	17030.0	27132.0	40500.0	54490.0	73170.0	107149.0	260029.0	986563.0	79563.0
	23.0	24.0	25.0	26.0	27.0	28.0	29.0	30.0	31.0	32.0	33.0	34.0	35.0	36.0	37.0
Lle-CNas_035.clmp.fp2_repr.R1	2.0	14.0	154.0	901.0	3639.0	9927.0	21418.0	37795.0	56962.0	78510.0	106234.0	148460.0	273168.0	1784803.0	409200.0
	22.0	23.0	24.0	25.0	26.0	27.0	28.0	29.0	30.0	31.0	32.0	33.0	34.0	35.0	36.0	37.0
Lle-CNas_035.clmp.fp2_repr.R2	2.0	92.0	606.0	2916.0	7583.0	15398.0	26159.0	42969.0	65741.0	93894.0	126931.0	171885.0	260439.0	582879.0	1456895.0	76798.0
	23.0	24.0	25.0	26.0	27.0	28.0	29.0	30.0	31.0	32.0	33.0	34.0	35.0	36.0	37.0
Lle-CNas_036.clmp.fp2_repr.R1	1.0	13.0	121.0	831.0	3059.0	8143.0	17635.0	29984.0	44209.0	57468.0	73966.0	99862.0	184281.0	1300269.0	341269.0
	22.0	23.0	24.0	25.0	26.0	27.0	28.0	29.0	30.0	31.0	32.0	33.0	34.0	35.0	36.0	37.0
Lle-CNas_036.clmp.fp2_repr.R2	1.0	30.0	240.0	1189.0	3202.0	6540.0	11252.0	20339.0	33012.0	48408.0	65527.0	87605.0	127553.0	310940.0	1324461.0	120812.0
	23.0	24.0	25.0	26.0	27.0	28.0	29.0	30.0	31.0	32.0	33.0	34.0	35.0	36.0	37.0
Lle-CNas_037.clmp.fp2_repr.R1	1.0	18.0	152.0	859.0	3169.0	8398.0	18324.0	30917.0	46013.0	61285.0	80936.0	110204.0	205008.0	1502711.0	419376.0
	22.0	23.0	24.0	25.0	26.0	27.0	28.0	29.0	30.0	31.0	32.0	33.0	34.0	35.0	36.0	37.0
Lle-CNas_037.clmp.fp2_repr.R2	1.0	33.0	324.0	1508.0	4090.0	8264.0	14534.0	25446.0	40670.0	58788.0	78898.0	106300.0	161244.0	406641.0	1462419.0	118211.0
	22.0	23.0	24.0	25.0	26.0	27.0	28.0	29.0	30.0	31.0	32.0	33.0	34.0	35.0	36.0	37.0
Lle-CNas_038.clmp.fp2_repr.R1	1.0	1.0	17.0	193.0	1111.0	4260.0	11164.0	23979.0	41400.0	61000.0	82726.0	108270.0	152362.0	290907.0	2077372.0	530384.0
	22.0	23.0	24.0	25.0	26.0	27.0	28.0	29.0	30.0	31.0	32.0	33.0	34.0	35.0	36.0	37.0
Lle-CNas_038.clmp.fp2_repr.R2	4.0	50.0	431.0	2144.0	5562.0	10952.0	19507.0	34004.0	53709.0	79383.0	108628.0	147694.0	229719.0	572739.0	1961489.0	159132.0
	23.0	24.0	25.0	26.0	27.0	28.0	29.0	30.0	31.0	32.0	33.0	34.0	35.0	36.0	37.0
Lle-CNas_039.clmp.fp2_repr.R1	1.0	11.0	94.0	624.0	2381.0	6574.0	14276.0	25275.0	38008.0	51516.0	67775.0	92378.0	167520.0	1161890.0	297927.0
	22.0	23.0	24.0	25.0	26.0	27.0	28.0	29.0	30.0	31.0	32.0	33.0	34.0	35.0	36.0	37.0
Lle-CNas_039.clmp.fp2_repr.R2	1.0	31.0	251.0	1324.0	3380.0	7185.0	12729.0	22317.0	34832.0	51099.0	69121.0	93107.0	136977.0	322987.0	1090168.0	80741.0
	23.0	24.0	25.0	26.0	27.0	28.0	29.0	30.0	31.0	32.0	33.0	34.0	35.0	36.0	37.0
Lle-CNas_040.clmp.fp2_repr.R1	1.0	13.0	147.0	913.0	3383.0	9333.0	20539.0	35112.0	51728.0	67797.0	87492.0	116884.0	218852.0	1604780.0	517459.0
	22.0	23.0	24.0	25.0	26.0	27.0	28.0	29.0	30.0	31.0	32.0	33.0	34.0	35.0	36.0	37.0
Lle-CNas_040.clmp.fp2_repr.R2	2.0	33.0	265.0	1261.0	3563.0	7049.0	13126.0	23449.0	38284.0	57366.0	77247.0	103646.0	152234.0	385627.0	1681623.0	189658.0
	24.0	25.0	26.0	27.0	28.0	29.0	30.0	31.0	32.0	33.0	34.0	35.0	36.0	37.0
Lle-CNas_041.clmp.fp2_repr.R1	12.0	142.0	801.0	3118.0	8406.0	18884.0	32902.0	48713.0	64882.0	84625.0	116896.0	220937.0	1619738.0	483513.0
	22.0	23.0	24.0	25.0	26.0	27.0	28.0	29.0	30.0	31.0	32.0	33.0	34.0	35.0	36.0	37.0
Lle-CNas_041.clmp.fp2_repr.R2	2.0	32.0	267.0	1185.0	3326.0	6755.0	12346.0	22156.0	36349.0	54489.0	74365.0	101774.0	154242.0	399065.0	1667162.0	170054.0
	23.0	24.0	25.0	26.0	27.0	28.0	29.0	30.0	31.0	32.0	33.0	34.0	35.0	36.0	37.0
Lle-CNas_042.clmp.fp2_repr.R1	1.0	23.0	246.0	1352.0	5204.0	13928.0	29722.0	50327.0	74984.0	100201.0	132492.0	187301.0	372188.0	2496266.0	505604.0
	22.0	23.0	24.0	25.0	26.0	27.0	28.0	29.0	30.0	31.0	32.0	33.0	34.0	35.0	36.0	37.0
Lle-CNas_042.clmp.fp2_repr.R2	2.0	59.0	503.0	2550.0	7000.0	13718.0	23736.0	41583.0	65214.0	96043.0	128580.0	175621.0	267575.0	666264.0	2284081.0	197310.0
	23.0	24.0	25.0	26.0	27.0	28.0	29.0	30.0	31.0	32.0	33.0	34.0	35.0	36.0	37.0
Lle-CNas_043.clmp.fp2_repr.R1	1.0	2.0	44.0	222.0	836.0	2197.0	4902.0	8342.0	12232.0	16107.0	20584.0	27483.0	50563.0	348118.0	102020.0
	23.0	24.0	25.0	26.0	27.0	28.0	29.0	30.0	31.0	32.0	33.0	34.0	35.0	36.0	37.0
Lle-CNas_043.clmp.fp2_repr.R2	8.0	67.0	315.0	817.0	1703.0	3176.0	5622.0	9135.0	13598.0	18318.0	24614.0	35931.0	86401.0	359036.0	34912.0
	23.0	24.0	25.0	26.0	27.0	28.0	29.0	30.0	31.0	32.0	33.0	34.0	35.0	36.0	37.0
Lle-CNas_044.clmp.fp2_repr.R1	2.0	7.0	122.0	721.0	2753.0	7408.0	16033.0	27197.0	40870.0	53330.0	69755.0	95162.0	176113.0	1248106.0	362445.0
	22.0	23.0	24.0	25.0	26.0	27.0	28.0	29.0	30.0	31.0	32.0	33.0	34.0	35.0	36.0	37.0
Lle-CNas_044.clmp.fp2_repr.R2	1.0	31.0	266.0	1238.0	3194.0	6441.0	11354.0	19897.0	31910.0	47345.0	64084.0	85814.0	127167.0	314851.0	1264951.0	121480.0
	23.0	24.0	25.0	26.0	27.0	28.0	29.0	30.0	31.0	32.0	33.0	34.0	35.0	36.0	37.0
Lle-CNas_045.clmp.fp2_repr.R1	1.0	26.0	221.0	1233.0	4656.0	11967.0	25614.0	44180.0	65263.0	88533.0	117680.0	166548.0	327002.0	2275099.0	456755.0
	22.0	23.0	24.0	25.0	26.0	27.0	28.0	29.0	30.0	31.0	32.0	33.0	34.0	35.0	36.0	37.0
Lle-CNas_045.clmp.fp2_repr.R2	2.0	52.0	495.0	2307.0	6072.0	12035.0	21865.0	36811.0	57955.0	85530.0	115963.0	159480.0	248502.0	611235.0	2066308.0	160166.0
	23.0	24.0	25.0	26.0	27.0	28.0	29.0	30.0	31.0	32.0	33.0	34.0	35.0	36.0	37.0
Lle-CNas_046.clmp.fp2_repr.R1	1.0	7.0	120.0	670.0	2475.0	6632.0	14622.0	25675.0	37894.0	49952.0	64870.0	87642.0	156161.0	1115516.0	327557.0
	22.0	23.0	24.0	25.0	26.0	27.0	28.0	29.0	30.0	31.0	32.0	33.0	34.0	35.0	36.0	37.0
Lle-CNas_046.clmp.fp2_repr.R2	1.0	28.0	215.0	1204.0	3216.0	6367.0	11485.0	20261.0	31796.0	47047.0	63240.0	83952.0	123753.0	290904.0	1112126.0	94199.0
	24.0	25.0	26.0	27.0	28.0	29.0	30.0	31.0	32.0	33.0	34.0	35.0	36.0	37.0
Lle-CNas_047.clmp.fp2_repr.R1	6.0	55.0	472.0	1989.0	5343.0	11655.0	20494.0	30832.0	41157.0	53307.0	73186.0	131398.0	890875.0	255800.0
	22.0	23.0	24.0	25.0	26.0	27.0	28.0	29.0	30.0	31.0	32.0	33.0	34.0	35.0	36.0	37.0
Lle-CNas_047.clmp.fp2_repr.R2	1.0	29.0	224.0	1137.0	3014.0	5922.0	10393.0	18083.0	28737.0	41500.0	55492.0	73206.0	108107.0	257380.0	847014.0	66330.0
	23.0	24.0	25.0	26.0	27.0	28.0	29.0	30.0	31.0	32.0	33.0	34.0	35.0	36.0	37.0
Lle-CNas_048.clmp.fp2_repr.R1	1.0	14.0	141.0	738.0	2727.0	7317.0	15845.0	27377.0	40374.0	53503.0	68738.0	92577.0	166120.0	1159440.0	332041.0
	23.0	24.0	25.0	26.0	27.0	28.0	29.0	30.0	31.0	32.0	33.0	34.0	35.0	36.0	37.0
Lle-CNas_048.clmp.fp2_repr.R2	22.0	267.0	1243.0	3325.0	6956.0	12070.0	21426.0	33927.0	49905.0	66257.0	87836.0	128085.0	315663.0	1146159.0	93812.0
	24.0	25.0	26.0	27.0	28.0	29.0	30.0	31.0	32.0	33.0	34.0	35.0	36.0	37.0
Lle-CNas_049.clmp.fp2_repr.R1	5.0	89.0	506.0	1847.0	4946.0	11070.0	18948.0	28155.0	37157.0	48357.0	64700.0	115646.0	813430.0	238163.0
	23.0	24.0	25.0	26.0	27.0	28.0	29.0	30.0	31.0	32.0	33.0	34.0	35.0	36.0	37.0
Lle-CNas_049.clmp.fp2_repr.R2	17.0	192.0	774.0	2077.0	4314.0	7982.0	13923.0	22840.0	33676.0	45380.0	60384.0	88400.0	209997.0	822999.0	70064.0
	23.0	24.0	25.0	26.0	27.0	28.0	29.0	30.0	31.0	32.0	33.0	34.0	35.0	36.0	37.0
Lle-CNas_050.clmp.fp2_repr.R1	1.0	9.0	97.0	584.0	2367.0	6550.0	14853.0	25963.0	38804.0	51228.0	67116.0	89476.0	161739.0	1140839.0	340039.0
	23.0	24.0	25.0	26.0	27.0	28.0	29.0	30.0	31.0	32.0	33.0	34.0	35.0	36.0	37.0
Lle-CNas_050.clmp.fp2_repr.R2	34.0	261.0	1067.0	2856.0	6184.0	10830.0	19579.0	31876.0	46704.0	63911.0	84548.0	124004.0	293437.0	1150572.0	103802.0
	23.0	24.0	25.0	26.0	27.0	28.0	29.0	30.0	31.0	32.0	33.0	34.0	35.0	36.0	37.0
Lle-CNas_051.clmp.fp2_repr.R1	1.0	11.0	88.0	553.0	2137.0	5860.0	12968.0	21986.0	33226.0	45183.0	60728.0	85247.0	164911.0	1050508.0	198880.0
	23.0	24.0	25.0	26.0	27.0	28.0	29.0	30.0	31.0	32.0	33.0	34.0	35.0	36.0	37.0
Lle-CNas_051.clmp.fp2_repr.R2	19.0	241.0	1128.0	3037.0	6409.0	11469.0	19989.0	31483.0	45774.0	61622.0	84079.0	127777.0	310965.0	919763.0	58532.0
	24.0	25.0	26.0	27.0	28.0	29.0	30.0	31.0	32.0	33.0	34.0	35.0	36.0	37.0
Lle-CNas_052.clmp.fp2_repr.R1	5.0	50.0	262.0	1085.0	2952.0	6196.0	10669.0	16324.0	22183.0	29826.0	42274.0	84594.0	567008.0	116329.0
	22.0	23.0	24.0	25.0	26.0	27.0	28.0	29.0	30.0	31.0	32.0	33.0	34.0	35.0	36.0	37.0
Lle-CNas_052.clmp.fp2_repr.R2	1.0	9.0	122.0	623.0	1592.0	3123.0	5263.0	9434.0	14723.0	21432.0	29145.0	40072.0	63225.0	159148.0	512263.0	39582.0
	24.0	25.0	26.0	27.0	28.0	29.0	30.0	31.0	32.0	33.0	34.0	35.0	36.0	37.0
Lle-CNas_053.clmp.fp2_repr.R1	9.0	92.0	614.0	2305.0	6568.0	14652.0	25861.0	39136.0	51041.0	66898.0	91488.0	165343.0	1215003.0	371144.0
	23.0	24.0	25.0	26.0	27.0	28.0	29.0	30.0	31.0	32.0	33.0	34.0	35.0	36.0	37.0
Lle-CNas_053.clmp.fp2_repr.R2	25.0	203.0	998.0	2702.0	5618.0	10678.0	19034.0	31371.0	47337.0	63934.0	86041.0	127201.0	319076.0	1232200.0	103736.0
	24.0	25.0	26.0	27.0	28.0	29.0	30.0	31.0	32.0	33.0	34.0	35.0	36.0	37.0
Lle-CNas_054.clmp.fp2_repr.R1	12.0	140.0	932.0	3581.0	9771.0	21382.0	37563.0	55240.0	73384.0	95531.0	130129.0	235206.0	1702895.0	554723.0
	23.0	24.0	25.0	26.0	27.0	28.0	29.0	30.0	31.0	32.0	33.0	34.0	35.0	36.0	37.0
Lle-CNas_054.clmp.fp2_repr.R2	26.0	341.0	1534.0	4031.0	8306.0	15005.0	27146.0	43961.0	65634.0	88687.0	117978.0	173903.0	432392.0	1767741.0	173804.0
	23.0	24.0	25.0	26.0	27.0	28.0	29.0	30.0	31.0	32.0	33.0	34.0	35.0	36.0	37.0
Lle-CNas_055.clmp.fp2_repr.R1	1.0	6.0	106.0	542.0	2173.0	5933.0	13542.0	23222.0	34610.0	45840.0	59792.0	80457.0	144278.0	1006828.0	300923.0
	22.0	23.0	24.0	25.0	26.0	27.0	28.0	29.0	30.0	31.0	32.0	33.0	34.0	35.0	36.0	37.0
Lle-CNas_055.clmp.fp2_repr.R2	2.0	33.0	208.0	967.0	2685.0	5611.0	9820.0	17747.0	28778.0	42132.0	56397.0	75227.0	111442.0	269260.0	1009662.0	88282.0
	23.0	24.0	25.0	26.0	27.0	28.0	29.0	30.0	31.0	32.0	33.0	34.0	35.0	36.0	37.0
Lle-CNas_056.clmp.fp2_repr.R1	3.0	26.0	258.0	1595.0	5590.0	14965.0	31457.0	54265.0	81211.0	109495.0	146147.0	206100.0	402259.0	2816444.0	565081.0
	21.0	22.0	23.0	24.0	25.0	26.0	27.0	28.0	29.0	30.0	31.0	32.0	33.0	34.0	35.0	36.0	37.0
Lle-CNas_056.clmp.fp2_repr.R2	1.0	4.0	64.0	594.0	2804.0	7561.0	15173.0	26676.0	45757.0	72968.0	106654.0	146136.0	198932.0	307323.0	758678.0	2557210.0	188361.0
	23.0	24.0	25.0	26.0	27.0	28.0	29.0	30.0	31.0	32.0	33.0	34.0	35.0	36.0	37.0
Lle-CNas_057.clmp.fp2_repr.R1	1.0	8.0	122.0	749.0	2852.0	7458.0	16442.0	28133.0	41417.0	54702.0	70568.0	94359.0	167734.0	1216216.0	380824.0
	22.0	23.0	24.0	25.0	26.0	27.0	28.0	29.0	30.0	31.0	32.0	33.0	34.0	35.0	36.0	37.0
Lle-CNas_057.clmp.fp2_repr.R2	2.0	27.0	255.0	1225.0	3120.0	6509.0	11611.0	20958.0	33645.0	49501.0	66660.0	87738.0	128225.0	309833.0	1250146.0	112130.0
	23.0	24.0	25.0	26.0	27.0	28.0	29.0	30.0	31.0	32.0	33.0	34.0	35.0	36.0	37.0
Lle-CNas_058.clmp.fp2_repr.R1	1.0	11.0	113.0	678.0	2616.0	7067.0	15666.0	27385.0	40973.0	53940.0	69876.0	93165.0	164439.0	1177815.0	383962.0
	23.0	24.0	25.0	26.0	27.0	28.0	29.0	30.0	31.0	32.0	33.0	34.0	35.0	36.0	37.0
Lle-CNas_058.clmp.fp2_repr.R2	35.0	210.0	1076.0	3023.0	6291.0	11503.0	20613.0	33664.0	49515.0	67162.0	88852.0	129740.0	308998.0	1209808.0	107217.0
	24.0	25.0	26.0	27.0	28.0	29.0	30.0	31.0	32.0	33.0	34.0	35.0	36.0	37.0
Lle-CNas_059.clmp.fp2_repr.R1	10.0	116.0	642.0	2729.0	7513.0	16743.0	29430.0	44143.0	59671.0	77342.0	104986.0	187696.0	1323651.0	383727.0
	23.0	24.0	25.0	26.0	27.0	28.0	29.0	30.0	31.0	32.0	33.0	34.0	35.0	36.0	37.0
Lle-CNas_059.clmp.fp2_repr.R2	26.0	293.0	1362.0	3961.0	8265.0	15232.0	26213.0	41599.0	60835.0	82377.0	108426.0	160341.0	382418.0	1253049.0	94002.0
	23.0	24.0	25.0	26.0	27.0	28.0	29.0	30.0	31.0	32.0	33.0	34.0	35.0	36.0	37.0
Lle-CNas_060.clmp.fp2_repr.R1	2.0	8.0	109.0	663.0	2256.0	5987.0	12661.0	20966.0	31300.0	41039.0	53121.0	72515.0	132696.0	921566.0	244065.0
	22.0	23.0	24.0	25.0	26.0	27.0	28.0	29.0	30.0	31.0	32.0	33.0	34.0	35.0	36.0	37.0
Lle-CNas_060.clmp.fp2_repr.R2	1.0	30.0	257.0	1093.0	2913.0	5613.0	9660.0	16826.0	26500.0	38294.0	51789.0	68462.0	101878.0	247945.0	894397.0	73296.0
	24.0	25.0	26.0	27.0	28.0	29.0	30.0	31.0	32.0	33.0	34.0	35.0	36.0	37.0
Lle-CNas_061.clmp.fp2_repr.R1	6.0	73.0	388.0	1387.0	3615.0	7986.0	13711.0	20590.0	27543.0	36992.0	51177.0	96535.0	670068.0	172811.0
	22.0	23.0	24.0	25.0	26.0	27.0	28.0	29.0	30.0	31.0	32.0	33.0	34.0	35.0	36.0	37.0
Lle-CNas_061.clmp.fp2_repr.R2	1.0	16.0	158.0	683.0	1781.0	3549.0	6410.0	11035.0	17340.0	26206.0	36164.0	49372.0	75784.0	185079.0	638336.0	50968.0
	23.0	24.0	25.0	26.0	27.0	28.0	29.0	30.0	31.0	32.0	33.0	34.0	35.0	36.0	37.0
Lle-CNas_062.clmp.fp2_repr.R1	1.0	4.0	84.0	481.0	1777.0	5023.0	10861.0	18646.0	28062.0	37270.0	49253.0	66861.0	123644.0	922870.0	267384.0
	23.0	24.0	25.0	26.0	27.0	28.0	29.0	30.0	31.0	32.0	33.0	34.0	35.0	36.0	37.0
Lle-CNas_062.clmp.fp2_repr.R2	25.0	219.0	938.0	2456.0	4692.0	8549.0	14839.0	23445.0	34595.0	46649.0	62957.0	95148.0	232024.0	922813.0	82872.0
	23.0	24.0	25.0	26.0	27.0	28.0	29.0	30.0	31.0	32.0	33.0	34.0	35.0	36.0	37.0
Lle-CNas_063.clmp.fp2_repr.R1	1.0	5.0	54.0	325.0	1235.0	3514.0	8090.0	14169.0	21104.0	28457.0	37355.0	51595.0	95950.0	682500.0	199563.0
	23.0	24.0	25.0	26.0	27.0	28.0	29.0	30.0	31.0	32.0	33.0	34.0	35.0	36.0	37.0
Lle-CNas_063.clmp.fp2_repr.R2	17.0	114.0	588.0	1600.0	3268.0	5997.0	10321.0	17051.0	24877.0	34101.0	46758.0	70593.0	172023.0	688031.0	68578.0
	24.0	25.0	26.0	27.0	28.0	29.0	30.0	31.0	32.0	33.0	34.0	35.0	36.0	37.0
Lle-CNas_064.clmp.fp2_repr.R1	5.0	67.0	399.0	1422.0	3784.0	8292.0	14306.0	20718.0	28109.0	37119.0	51359.0	97001.0	703570.0	190622.0
	22.0	23.0	24.0	25.0	26.0	27.0	28.0	29.0	30.0	31.0	32.0	33.0	34.0	35.0	36.0	37.0
Lle-CNas_064.clmp.fp2_repr.R2	1.0	20.0	142.0	729.0	1781.0	3576.0	6415.0	10981.0	17508.0	26149.0	35209.0	47735.0	72429.0	180506.0	693422.0	60170.0
	24.0	25.0	26.0	27.0	28.0	29.0	30.0	31.0	32.0	33.0	34.0	35.0	36.0	37.0
Lle-CNas_065.clmp.fp2_repr.R1	11.0	112.0	718.0	2539.0	6943.0	15533.0	26843.0	40465.0	53720.0	69725.0	94579.0	172641.0	1271454.0	367397.0
	22.0	23.0	24.0	25.0	26.0	27.0	28.0	29.0	30.0	31.0	32.0	33.0	34.0	35.0	36.0	37.0
Lle-CNas_065.clmp.fp2_repr.R2	2.0	36.0	262.0	1150.0	3034.0	6315.0	11683.0	20516.0	33407.0	49509.0	67167.0	89983.0	134582.0	328574.0	1270661.0	105799.0
	24.0	25.0	26.0	27.0	28.0	29.0	30.0	31.0	32.0	33.0	34.0	35.0	36.0	37.0
Lle-CNas_066.clmp.fp2_repr.R1	4.0	62.0	395.0	1289.0	3456.0	7166.0	12405.0	18146.0	24436.0	31978.0	43722.0	83501.0	603065.0	156516.0
	23.0	24.0	25.0	26.0	27.0	28.0	29.0	30.0	31.0	32.0	33.0	34.0	35.0	36.0	37.0
Lle-CNas_066.clmp.fp2_repr.R2	22.0	174.0	653.0	1785.0	3551.0	5950.0	10216.0	15919.0	23077.0	31044.0	42232.0	65152.0	161505.0	576384.0	48477.0
	23.0	24.0	25.0	26.0	27.0	28.0	29.0	30.0	31.0	32.0	33.0	34.0	35.0	36.0	37.0
Lle-CNas_067.clmp.fp2_repr.R1	1.0	10.0	98.0	729.0	2618.0	7019.0	15199.0	25964.0	37980.0	49718.0	64077.0	85137.0	151238.0	1068088.0	328105.0
	22.0	23.0	24.0	25.0	26.0	27.0	28.0	29.0	30.0	31.0	32.0	33.0	34.0	35.0	36.0	37.0
Lle-CNas_067.clmp.fp2_repr.R2	1.0	31.0	249.0	1124.0	3082.0	6395.0	11457.0	20019.0	32288.0	46605.0	62534.0	81844.0	118785.0	286430.0	1069994.0	95143.0
	23.0	24.0	25.0	26.0	27.0	28.0	29.0	30.0	31.0	32.0	33.0	34.0	35.0	36.0	37.0
Lle-CNas_068.clmp.fp2_repr.R1	5.0	36.0	400.0	2221.0	7565.0	19521.0	41191.0	69694.0	102508.0	138525.0	183325.0	260871.0	519279.0	3632702.0	684447.0
	22.0	23.0	24.0	25.0	26.0	27.0	28.0	29.0	30.0	31.0	32.0	33.0	34.0	35.0	36.0	37.0
Lle-CNas_068.clmp.fp2_repr.R2	4.0	110.0	832.0	3905.0	10118.0	20221.0	34539.0	58442.0	91628.0	133330.0	182143.0	250390.0	389851.0	967576.0	3277222.0	241979.0
	24.0	25.0	26.0	27.0	28.0	29.0	30.0	31.0	32.0	33.0	34.0	35.0	36.0	37.0
Lle-CNas_069.clmp.fp2_repr.R1	12.0	101.0	549.0	2166.0	5509.0	11987.0	20629.0	30401.0	39616.0	50396.0	67270.0	119835.0	829484.0	245589.0
	23.0	24.0	25.0	26.0	27.0	28.0	29.0	30.0	31.0	32.0	33.0	34.0	35.0	36.0	37.0
Lle-CNas_069.clmp.fp2_repr.R2	23.0	190.0	1014.0	2531.0	4904.0	8932.0	15462.0	24533.0	35868.0	48175.0	63397.0	91834.0	216126.0	837239.0	73316.0
	24.0	25.0	26.0	27.0	28.0	29.0	30.0	31.0	32.0	33.0	34.0	35.0	36.0	37.0
Lle-CNas_070.clmp.fp2_repr.R1	13.0	122.0	577.0	2345.0	6391.0	13762.0	23995.0	36083.0	47775.0	60553.0	81187.0	141504.0	1001411.0	322764.0
	22.0	23.0	24.0	25.0	26.0	27.0	28.0	29.0	30.0	31.0	32.0	33.0	34.0	35.0	36.0	37.0
Lle-CNas_070.clmp.fp2_repr.R2	1.0	26.0	220.0	1009.0	2822.0	5764.0	10493.0	18495.0	29806.0	43523.0	59021.0	76908.0	111858.0	262375.0	1024963.0	91198.0
	23.0	24.0	25.0	26.0	27.0	28.0	29.0	30.0	31.0	32.0	33.0	34.0	35.0	36.0	37.0
Lle-CNas_071.clmp.fp2_repr.R1	1.0	8.0	78.0	471.0	1975.0	5627.0	12438.0	21980.0	33571.0	45929.0	60639.0	83502.0	150698.0	1070231.0	315091.0
	22.0	23.0	24.0	25.0	26.0	27.0	28.0	29.0	30.0	31.0	32.0	33.0	34.0	35.0	36.0	37.0
Lle-CNas_071.clmp.fp2_repr.R2	3.0	20.0	182.0	1006.0	2875.0	6154.0	11494.0	20203.0	32499.0	48404.0	64938.0	88193.0	131534.0	321472.0	1002824.0	70438.0
	24.0	25.0	26.0	27.0	28.0	29.0	30.0	31.0	32.0	33.0	34.0	35.0	36.0	37.0
Lle-CNas_072.clmp.fp2_repr.R1	10.0	142.0	815.0	2831.0	7578.0	16511.0	27871.0	41118.0	54877.0	71522.0	96940.0	177681.0	1225272.0	311587.0
	22.0	23.0	24.0	25.0	26.0	27.0	28.0	29.0	30.0	31.0	32.0	33.0	34.0	35.0	36.0	37.0
Lle-CNas_072.clmp.fp2_repr.R2	2.0	32.0	292.0	1316.0	3381.0	6870.0	12452.0	21514.0	34376.0	50191.0	67146.0	90073.0	133871.0	326736.0	1193632.0	92871.0
	24.0	25.0	26.0	27.0	28.0	29.0	30.0	31.0	32.0	33.0	34.0	35.0	36.0	37.0
Lle-CNas_073.clmp.fp2_repr.R1	12.0	121.0	737.0	2794.0	7268.0	15755.0	27438.0	39808.0	53612.0	69145.0	93869.0	173278.0	1222756.0	318133.0
	23.0	24.0	25.0	26.0	27.0	28.0	29.0	30.0	31.0	32.0	33.0	34.0	35.0	36.0	37.0
Lle-CNas_073.clmp.fp2_repr.R2	33.0	271.0	1250.0	3381.0	6800.0	11972.0	20997.0	32978.0	48721.0	65620.0	88503.0	130571.0	313073.0	1196272.0	104284.0
	23.0	24.0	25.0	26.0	27.0	28.0	29.0	30.0	31.0	32.0	33.0	34.0	35.0	36.0	37.0
Lle-CNas_074.clmp.fp2_repr.R1	1.0	15.0	134.0	731.0	2586.0	7259.0	15790.0	26735.0	39482.0	52215.0	66805.0	89687.0	162271.0	1142346.0	322220.0
	22.0	23.0	24.0	25.0	26.0	27.0	28.0	29.0	30.0	31.0	32.0	33.0	34.0	35.0	36.0	37.0
Lle-CNas_074.clmp.fp2_repr.R2	1.0	21.0	246.0	1170.0	3137.0	6378.0	11112.0	19532.0	30961.0	45530.0	61317.0	81384.0	117801.0	273116.0	1158180.0	118391.0
	23.0	24.0	25.0	26.0	27.0	28.0	29.0	30.0	31.0	32.0	33.0	34.0	35.0	36.0	37.0
Lle-CNas_075.clmp.fp2_repr.R1	1.0	14.0	110.0	584.0	2408.0	7006.0	15551.0	27702.0	41315.0	56042.0	71552.0	94655.0	165967.0	1150943.0	352613.0
	22.0	23.0	24.0	25.0	26.0	27.0	28.0	29.0	30.0	31.0	32.0	33.0	34.0	35.0	36.0	37.0
Lle-CNas_075.clmp.fp2_repr.R2	1.0	35.0	230.0	1185.0	3206.0	6805.0	12134.0	22008.0	35292.0	52486.0	70269.0	92458.0	132100.0	302253.0	1150517.0	105484.0
	24.0	25.0	26.0	27.0	28.0	29.0	30.0	31.0	32.0	33.0	34.0	35.0	36.0	37.0
Lle-CNas_076.clmp.fp2_repr.R1	13.0	151.0	854.0	3066.0	8146.0	17144.0	28980.0	42816.0	56419.0	72986.0	98550.0	183275.0	1310287.0	347558.0
	22.0	23.0	24.0	25.0	26.0	27.0	28.0	29.0	30.0	31.0	32.0	33.0	34.0	35.0	36.0	37.0
Lle-CNas_076.clmp.fp2_repr.R2	5.0	47.0	297.0	1307.0	3464.0	7060.0	12583.0	21738.0	34575.0	51025.0	68558.0	91548.0	135569.0	329917.0	1299429.0	113123.0
	23.0	24.0	25.0	26.0	27.0	28.0	29.0	30.0	31.0	32.0	33.0	34.0	35.0	36.0	37.0
Lle-CNas_077.clmp.fp2_repr.R1	2.0	9.0	95.0	521.0	1992.0	5379.0	11569.0	20113.0	30227.0	40054.0	51924.0	70886.0	129472.0	941955.0	274879.0
	22.0	23.0	24.0	25.0	26.0	27.0	28.0	29.0	30.0	31.0	32.0	33.0	34.0	35.0	36.0	37.0
Lle-CNas_077.clmp.fp2_repr.R2	1.0	29.0	204.0	871.0	2388.0	4763.0	8637.0	15374.0	24575.0	36852.0	49153.0	65286.0	97522.0	240139.0	950348.0	82935.0
	23.0	24.0	25.0	26.0	27.0	28.0	29.0	30.0	31.0	32.0	33.0	34.0	35.0	36.0	37.0
Lle-CNas_078.clmp.fp2_repr.R1	2.0	11.0	112.0	786.0	2667.0	7167.0	15381.0	26013.0	38164.0	49884.0	64077.0	85423.0	154777.0	1080403.0	303165.0
	22.0	23.0	24.0	25.0	26.0	27.0	28.0	29.0	30.0	31.0	32.0	33.0	34.0	35.0	36.0	37.0
Lle-CNas_078.clmp.fp2_repr.R2	1.0	22.0	276.0	1178.0	3106.0	6308.0	11109.0	19481.0	30827.0	44879.0	60513.0	78704.0	116295.0	281448.0	1078296.0	95589.0
	23.0	24.0	25.0	26.0	27.0	28.0	29.0	30.0	31.0	32.0	33.0	34.0	35.0	36.0	37.0
Lle-CNas_079.clmp.fp2_repr.R1	1.0	16.0	158.0	923.0	3519.0	9342.0	20115.0	34696.0	50834.0	68284.0	90922.0	125648.0	236862.0	1660955.0	432258.0
	22.0	23.0	24.0	25.0	26.0	27.0	28.0	29.0	30.0	31.0	32.0	33.0	34.0	35.0	36.0	37.0
Lle-CNas_079.clmp.fp2_repr.R2	2.0	46.0	347.0	1754.0	4423.0	8961.0	15717.0	27210.0	43075.0	64003.0	86621.0	118525.0	180392.0	441302.0	1605127.0	137028.0
	23.0	24.0	25.0	26.0	27.0	28.0	29.0	30.0	31.0	32.0	33.0	34.0	35.0	36.0	37.0
Lle-CNas_080.clmp.fp2_repr.R1	1.0	7.0	127.0	711.0	2472.0	6459.0	13606.0	23230.0	34365.0	46363.0	61113.0	85378.0	167429.0	1134022.0	223722.0
	22.0	23.0	24.0	25.0	26.0	27.0	28.0	29.0	30.0	31.0	32.0	33.0	34.0	35.0	36.0	37.0
Lle-CNas_080.clmp.fp2_repr.R2	2.0	23.0	255.0	1189.0	3040.0	6190.0	10909.0	18700.0	29262.0	42806.0	58255.0	78684.0	120122.0	293483.0	1052004.0	84081.0
	23.0	24.0	25.0	26.0	27.0	28.0	29.0	30.0	31.0	32.0	33.0	34.0	35.0	36.0	37.0
Lle-CNas_081.clmp.fp2_repr.R1	1.0	23.0	206.0	1069.0	3954.0	10300.0	22589.0	38535.0	56374.0	74679.0	95993.0	127964.0	227435.0	1585084.0	459087.0
	22.0	23.0	24.0	25.0	26.0	27.0	28.0	29.0	30.0	31.0	32.0	33.0	34.0	35.0	36.0	37.0
Lle-CNas_081.clmp.fp2_repr.R2	2.0	44.0	345.0	1752.0	4520.0	9072.0	16329.0	28058.0	45060.0	66357.0	89510.0	117290.0	171288.0	405365.0	1605522.0	142779.0
	23.0	24.0	25.0	26.0	27.0	28.0	29.0	30.0	31.0	32.0	33.0	34.0	35.0	36.0	37.0
Lle-CNas_082.clmp.fp2_repr.R1	1.0	10.0	117.0	684.0	2585.0	6694.0	14434.0	24795.0	36341.0	47594.0	61129.0	80224.0	144731.0	1036791.0	315634.0
	23.0	24.0	25.0	26.0	27.0	28.0	29.0	30.0	31.0	32.0	33.0	34.0	35.0	36.0	37.0
Lle-CNas_082.clmp.fp2_repr.R2	21.0	233.0	1066.0	2875.0	5614.0	10279.0	17892.0	28404.0	42145.0	56620.0	74711.0	107345.0	252232.0	1066231.0	106096.0
	24.0	25.0	26.0	27.0	28.0	29.0	30.0	31.0	32.0	33.0	34.0	35.0	36.0	37.0
Lle-CNas_083.clmp.fp2_repr.R1	9.0	122.0	733.0	2968.0	8503.0	19050.0	33220.0	50640.0	68471.0	90242.0	122534.0	218859.0	1537751.0	453796.0
	22.0	23.0	24.0	25.0	26.0	27.0	28.0	29.0	30.0	31.0	32.0	33.0	34.0	35.0	36.0	37.0
Lle-CNas_083.clmp.fp2_repr.R2	1.0	43.0	331.0	1569.0	4561.0	9295.0	17122.0	30326.0	49096.0	71159.0	96051.0	128209.0	189623.0	456452.0	1448482.0	104578.0
	23.0	24.0	25.0	26.0	27.0	28.0	29.0	30.0	31.0	32.0	33.0	34.0	35.0	36.0	37.0
Lle-CNas_084.clmp.fp2_repr.R1	2.0	15.0	154.0	889.0	3182.0	8638.0	18523.0	31284.0	46216.0	61882.0	81492.0	111310.0	206364.0	1454988.0	391657.0
	22.0	23.0	24.0	25.0	26.0	27.0	28.0	29.0	30.0	31.0	32.0	33.0	34.0	35.0	36.0	37.0
Lle-CNas_084.clmp.fp2_repr.R2	2.0	47.0	343.0	1701.0	4574.0	8686.0	15511.0	26565.0	41721.0	60514.0	81285.0	109297.0	163580.0	395785.0	1393260.0	113725.0
	23.0	24.0	25.0	26.0	27.0	28.0	29.0	30.0	31.0	32.0	33.0	34.0	35.0	36.0	37.0
Lle-CNas_085.clmp.fp2_repr.R1	2.0	15.0	119.0	779.0	2954.0	7798.0	17042.0	29670.0	43785.0	58064.0	74787.0	101173.0	188954.0	1340725.0	353210.0
	22.0	23.0	24.0	25.0	26.0	27.0	28.0	29.0	30.0	31.0	32.0	33.0	34.0	35.0	36.0	37.0
Lle-CNas_085.clmp.fp2_repr.R2	2.0	26.0	234.0	1099.0	3208.0	6329.0	11688.0	20703.0	33701.0	50032.0	67845.0	90854.0	133418.0	325197.0	1349408.0	125333.0
	24.0	25.0	26.0	27.0	28.0	29.0	30.0	31.0	32.0	33.0	34.0	35.0	36.0	37.0
Lle-CNas_086.clmp.fp2_repr.R1	9.0	78.0	525.0	2115.0	5741.0	13167.0	22648.0	33764.0	44868.0	58209.0	79835.0	146007.0	1025749.0	278171.0
	23.0	24.0	25.0	26.0	27.0	28.0	29.0	30.0	31.0	32.0	33.0	34.0	35.0	36.0	37.0
Lle-CNas_086.clmp.fp2_repr.R2	30.0	207.0	962.0	2544.0	5061.0	9512.0	16772.0	26698.0	40446.0	55027.0	73601.0	108190.0	260592.0	1019290.0	91954.0
	23.0	24.0	25.0	26.0	27.0	28.0	29.0	30.0	31.0	32.0	33.0	34.0	35.0	36.0	37.0
Lle-CNas_087.clmp.fp2_repr.R1	1.0	8.0	71.0	557.0	2189.0	6133.0	13803.0	24360.0	36752.0	49659.0	64973.0	87056.0	151429.0	1048328.0	328198.0
	23.0	24.0	25.0	26.0	27.0	28.0	29.0	30.0	31.0	32.0	33.0	34.0	35.0	36.0	37.0
Lle-CNas_087.clmp.fp2_repr.R2	37.0	216.0	1046.0	2887.0	6355.0	11465.0	20789.0	33529.0	49518.0	66784.0	88309.0	127351.0	291817.0	1029001.0	84413.0
	24.0	25.0	26.0	27.0	28.0	29.0	30.0	31.0	32.0	33.0	34.0	35.0	36.0	37.0
Lle-CNas_088.clmp.fp2_repr.R1	22.0	141.0	704.0	2705.0	6968.0	15174.0	26281.0	38779.0	51776.0	67772.0	94003.0	174491.0	1235870.0	307412.0
	23.0	24.0	25.0	26.0	27.0	28.0	29.0	30.0	31.0	32.0	33.0	34.0	35.0	36.0	37.0
Lle-CNas_088.clmp.fp2_repr.R2	37.0	229.0	1176.0	3194.0	6420.0	11753.0	20256.0	32131.0	47332.0	64241.0	87207.0	130507.0	318552.0	1201880.0	97183.0
	24.0	25.0	26.0	27.0	28.0	29.0	30.0	31.0	32.0	33.0	34.0	35.0	36.0	37.0
Lle-CNas_089.clmp.fp2_repr.R1	13.0	120.0	708.0	2559.0	6656.0	14284.0	24228.0	35383.0	46542.0	60422.0	80491.0	147420.0	1056722.0	287871.0
	22.0	23.0	24.0	25.0	26.0	27.0	28.0	29.0	30.0	31.0	32.0	33.0	34.0	35.0	36.0	37.0
Lle-CNas_089.clmp.fp2_repr.R2	2.0	23.0	255.0	1056.0	2931.0	5911.0	10343.0	17787.0	28155.0	41422.0	56054.0	74114.0	108578.0	255784.0	1061753.0	99251.0
	24.0	25.0	26.0	27.0	28.0	29.0	30.0	31.0	32.0	33.0	34.0	35.0	36.0	37.0
Lle-CNas_090.clmp.fp2_repr.R1	11.0	120.0	720.0	2584.0	6655.0	14482.0	24801.0	37053.0	49662.0	65938.0	90652.0	168860.0	1121110.0	272332.0
	23.0	24.0	25.0	26.0	27.0	28.0	29.0	30.0	31.0	32.0	33.0	34.0	35.0	36.0	37.0
Lle-CNas_090.clmp.fp2_repr.R2	35.0	235.0	1162.0	3166.0	6489.0	11475.0	19992.0	31238.0	46370.0	63499.0	86997.0	130161.0	308480.0	1062046.0	83635.0
	24.0	25.0	26.0	27.0	28.0	29.0	30.0	31.0	32.0	33.0	34.0	35.0	36.0	37.0
Lle-CNas_091.clmp.fp2_repr.R1	7.0	86.0	520.0	1924.0	5202.0	11713.0	20474.0	30714.0	41607.0	54758.0	75893.0	139857.0	966125.0	260304.0
	22.0	23.0	24.0	25.0	26.0	27.0	28.0	29.0	30.0	31.0	32.0	33.0	34.0	35.0	36.0	37.0
Lle-CNas_091.clmp.fp2_repr.R2	1.0	15.0	199.0	867.0	2459.0	5247.0	9580.0	16698.0	27031.0	40190.0	54251.0	73915.0	112589.0	272865.0	922636.0	70641.0
	23.0	24.0	25.0	26.0	27.0	28.0	29.0	30.0	31.0	32.0	33.0	34.0	35.0	36.0	37.0
Lle-CNas_092.clmp.fp2_repr.R1	3.0	28.0	272.0	1624.0	5880.0	15603.0	33196.0	56837.0	83552.0	112742.0	148965.0	208079.0	407769.0	2896442.0	597102.0
	22.0	23.0	24.0	25.0	26.0	27.0	28.0	29.0	30.0	31.0	32.0	33.0	34.0	35.0	36.0	37.0
Lle-CNas_092.clmp.fp2_repr.R2	3.0	63.0	649.0	2961.0	7753.0	15365.0	26942.0	46216.0	72196.0	106872.0	144482.0	196263.0	298717.0	739059.0	2690604.0	219949.0
	24.0	25.0	26.0	27.0	28.0	29.0	30.0	31.0	32.0	33.0	34.0	35.0	36.0	37.0
Lle-CNas_093.clmp.fp2_repr.R1	4.0	67.0	422.0	1575.0	4417.0	9474.0	16368.0	24649.0	33336.0	44062.0	62705.0	129072.0	868759.0	178205.0
	23.0	24.0	25.0	26.0	27.0	28.0	29.0	30.0	31.0	32.0	33.0	34.0	35.0	36.0	37.0
Lle-CNas_093.clmp.fp2_repr.R2	20.0	150.0	767.0	2041.0	4138.0	7271.0	12734.0	20864.0	30671.0	41823.0	57559.0	90602.0	239795.0	798592.0	66088.0
	23.0	24.0	25.0	26.0	27.0	28.0	29.0	30.0	31.0	32.0	33.0	34.0	35.0	36.0	37.0
Lle-CNas_094.clmp.fp2_repr.R1	4.0	6.0	127.0	639.0	2332.0	6524.0	13929.0	24550.0	36378.0	48689.0	63219.0	84996.0	155131.0	1106989.0	318907.0
	23.0	24.0	25.0	26.0	27.0	28.0	29.0	30.0	31.0	32.0	33.0	34.0	35.0	36.0	37.0
Lle-CNas_094.clmp.fp2_repr.R2	34.0	255.0	1146.0	2957.0	6167.0	10872.0	19213.0	30547.0	44692.0	60669.0	81209.0	120172.0	290737.0	1100737.0	93013.0
	23.0	24.0	25.0	26.0	27.0	28.0	29.0	30.0	31.0	32.0	33.0	34.0	35.0	36.0	37.0
Lle-CNas_095.clmp.fp2_repr.R1	1.0	16.0	234.0	1330.0	4898.0	13850.0	29871.0	52209.0	78902.0	106119.0	141837.0	197214.0	371369.0	2646724.0	662512.0
	22.0	23.0	24.0	25.0	26.0	27.0	28.0	29.0	30.0	31.0	32.0	33.0	34.0	35.0	36.0	37.0
Lle-CNas_095.clmp.fp2_repr.R2	1.0	93.0	693.0	3212.0	8677.0	17414.0	29418.0	50779.0	78417.0	113887.0	153202.0	208847.0	319321.0	760719.0	2387284.0	175122.0
	23.0	24.0	25.0	26.0	27.0	28.0	29.0	30.0	31.0	32.0	33.0	34.0	35.0	36.0	37.0
Lle-CNas_096.clmp.fp2_repr.R1	1.0	16.0	197.0	1125.0	4218.0	11202.0	24290.0	41411.0	61000.0	79711.0	103967.0	141433.0	264591.0	1935843.0	560594.0
	22.0	23.0	24.0	25.0	26.0	27.0	28.0	29.0	30.0	31.0	32.0	33.0	34.0	35.0	36.0	37.0
Lle-CNas_096.clmp.fp2_repr.R2	8.0	40.0	388.0	1765.0	4590.0	9178.0	16108.0	28253.0	46082.0	68435.0	93175.0	124363.0	183780.0	453448.0	1986272.0	213714.0

