Sample	32	37	42	47	52	57	62	67	72	77	82	87	92	97	102	107	112	117	122	127	132	137	142	147	150
Lle-AHam_001.clmp.fp2_repr.R1	4563.0	12769.0	16154.0	21297.0	26819.0	32536.0	40031.0	52065.0	67253.0	90005.0	122578.0	159045.0	191508.0	218810.0	229073.0	233272.0	222241.0	205627.0	183839.0	162489.0	143173.0	121917.0	103435.0	115221.0	343612.0
Lle-AHam_001.clmp.fp2_repr.R2	4166.0	12900.0	16218.0	20252.0	25765.0	30853.0	39139.0	50934.0	64853.0	88856.0	121736.0	158640.0	191389.0	218729.0	228970.0	233898.0	223689.0	206767.0	185319.0	163672.0	144183.0	122754.0	103894.0	128364.0	333392.0
Lle-AHam_002.clmp.fp2_repr.R1	4526.0	13904.0	17649.0	23263.0	31008.0	38065.0	46211.0	57128.0	72719.0	93937.0	122663.0	154978.0	180168.0	203506.0	206763.0	209981.0	199250.0	181839.0	167685.0	149236.0	134556.0	119253.0	103536.0	121700.0	399149.0
Lle-AHam_002.clmp.fp2_repr.R2	3908.0	12762.0	17041.0	22373.0	28898.0	35611.0	44183.0	55372.0	69986.0	91588.0	121524.0	154240.0	180111.0	203832.0	207562.0	211074.0	200618.0	183820.0	169599.0	150839.0	135908.0	121066.0	104615.0	133671.0	392472.0
Lle-AHam_003.clmp.fp2_repr.R1	7240.0	24947.0	34962.0	47259.0	61186.0	71473.0	84709.0	100920.0	123612.0	153561.0	193601.0	230858.0	259090.0	275375.0	275381.0	270728.0	253041.0	231594.0	211125.0	191954.0	172722.0	154973.0	135041.0	148135.0	505308.0
Lle-AHam_003.clmp.fp2_repr.R2	6548.0	24138.0	34862.0	46664.0	59019.0	69413.0	83425.0	99396.0	120935.0	152012.0	192611.0	230562.0	259432.0	274840.0	276437.0	272188.0	254283.0	232862.0	212847.0	193539.0	174307.0	155669.0	136257.0	160294.0	496255.0
Lle-AHam_004.clmp.fp2_repr.R1	7118.0	23493.0	33210.0	45429.0	59529.0	71094.0	83811.0	99941.0	120493.0	148403.0	185718.0	220054.0	248885.0	263656.0	266586.0	266514.0	250823.0	229685.0	206471.0	184615.0	164013.0	144906.0	123278.0	138153.0	418885.0
Lle-AHam_004.clmp.fp2_repr.R2	6603.0	23403.0	33575.0	45056.0	58144.0	69361.0	82836.0	98831.0	118825.0	146802.0	184832.0	220353.0	248974.0	264423.0	267797.0	267298.0	252077.0	230684.0	207589.0	185804.0	164725.0	145717.0	123535.0	148816.0	408703.0
Lle-AHam_005.clmp.fp2_repr.R1	6696.0	21565.0	31361.0	43115.0	57174.0	67459.0	79600.0	95066.0	114878.0	141282.0	177780.0	211110.0	239308.0	258026.0	260727.0	260289.0	246775.0	227654.0	204412.0	181883.0	159178.0	139036.0	115185.0	127143.0	372868.0
Lle-AHam_005.clmp.fp2_repr.R2	6050.0	20874.0	30838.0	42274.0	55264.0	64915.0	78140.0	92840.0	111910.0	139455.0	176648.0	210552.0	239435.0	258679.0	261552.0	261786.0	248338.0	229986.0	206562.0	183066.0	160412.0	140134.0	116017.0	136088.0	367755.0
Lle-AHam_006.clmp.fp2_repr.R1	10893.0	40126.0	57260.0	74865.0	91587.0	104859.0	117281.0	135511.0	158817.0	192671.0	234924.0	271728.0	297678.0	306428.0	300852.0	288876.0	265883.0	235866.0	208042.0	184263.0	163464.0	144326.0	122357.0	135803.0	434182.0
Lle-AHam_006.clmp.fp2_repr.R2	9893.0	38736.0	56316.0	72928.0	88856.0	101934.0	114848.0	133455.0	155765.0	190579.0	234202.0	271486.0	298548.0	307363.0	301986.0	290354.0	267883.0	238014.0	210687.0	186429.0	165112.0	145688.0	123354.0	145958.0	428168.0
Lle-AHam_007.clmp.fp2_repr.R1	4350.0	13766.0	18564.0	25711.0	35258.0	43613.0	54081.0	66492.0	82776.0	103625.0	130793.0	156385.0	177378.0	193022.0	194514.0	192782.0	182429.0	163769.0	145025.0	124481.0	109151.0	92406.0	76568.0	83644.0	242289.0
Lle-AHam_007.clmp.fp2_repr.R2	3951.0	13056.0	18450.0	25153.0	33772.0	42136.0	53059.0	65531.0	81179.0	102481.0	129903.0	156259.0	177245.0	193270.0	194746.0	192814.0	184024.0	164812.0	146508.0	126046.0	109841.0	93358.0	77057.0	90906.0	237315.0
Lle-AHam_008.clmp.fp2_repr.R1	3418.0	11854.0	17667.0	24464.0	32211.0	38690.0	45867.0	54937.0	66804.0	81457.0	100497.0	113233.0	122309.0	121861.0	117321.0	108886.0	98179.0	85663.0	74715.0	64058.0	54983.0	47534.0	40439.0	40562.0	135466.0
Lle-AHam_008.clmp.fp2_repr.R2	2973.0	11194.0	16869.0	23520.0	30875.0	37405.0	44985.0	53887.0	65491.0	80742.0	100387.0	113235.0	122863.0	122786.0	118509.0	109820.0	98950.0	86679.0	75764.0	64689.0	55874.0	48496.0	40802.0	43791.0	132489.0
Lle-AHam_009.clmp.fp2_repr.R1	4309.0	14898.0	20668.0	28668.0	39435.0	49521.0	61519.0	76915.0	96581.0	120989.0	153738.0	181716.0	204120.0	215278.0	214604.0	206442.0	187605.0	167787.0	146982.0	130152.0	114299.0	99477.0	85896.0	95380.0	300632.0
Lle-AHam_009.clmp.fp2_repr.R2	3918.0	13421.0	19872.0	27643.0	37413.0	47367.0	59863.0	75198.0	93942.0	119735.0	152800.0	181495.0	203715.0	215950.0	215842.0	207654.0	188769.0	169244.0	148791.0	131724.0	116021.0	100958.0	86689.0	104686.0	294901.0
Lle-AHam_010.clmp.fp2_repr.R1	6675.0	22618.0	32050.0	44339.0	58933.0	71459.0	86767.0	105092.0	129177.0	162535.0	204046.0	239717.0	271471.0	286058.0	288541.0	280656.0	263654.0	236815.0	214188.0	190288.0	168115.0	149429.0	130004.0	141714.0	467716.0
Lle-AHam_010.clmp.fp2_repr.R2	5879.0	21246.0	31167.0	42619.0	56466.0	68323.0	84533.0	103139.0	125927.0	160017.0	202907.0	239041.0	271917.0	287131.0	289783.0	282373.0	265212.0	239186.0	216102.0	192069.0	170470.0	151709.0	131368.0	154585.0	458888.0
Lle-AHam_011.clmp.fp2_repr.R1	2431.0	6743.0	7500.0	9318.0	12697.0	16828.0	22569.0	28954.0	36909.0	48157.0	63668.0	80845.0	97672.0	109444.0	116126.0	116758.0	112349.0	104835.0	99012.0	90817.0	84538.0	77880.0	68755.0	85742.0	329637.0
Lle-AHam_011.clmp.fp2_repr.R2	2232.0	6351.0	7175.0	8447.0	11338.0	15640.0	21353.0	27749.0	35156.0	46830.0	62969.0	80176.0	97583.0	109710.0	116573.0	117338.0	113492.0	105947.0	99924.0	91859.0	85530.0	79311.0	69376.0	93505.0	324620.0
Lle-AHam_012.clmp.fp2_repr.R1	3521.0	9558.0	11028.0	13799.0	17811.0	22114.0	27215.0	35284.0	45259.0	60013.0	79037.0	101461.0	123244.0	140052.0	148730.0	154957.0	151236.0	143003.0	134332.0	125230.0	116113.0	107489.0	95797.0	115939.0	430097.0
Lle-AHam_012.clmp.fp2_repr.R2	2787.0	8285.0	10129.0	12220.0	15280.0	19298.0	24853.0	32910.0	41864.0	57528.0	77120.0	100476.0	122749.0	140313.0	149508.0	156882.0	152996.0	144865.0	136471.0	127280.0	117762.0	108717.0	97330.0	125794.0	428902.0
Lle-AHam_013.clmp.fp2_repr.R1	308.0	978.0	1186.0	1611.0	2108.0	2598.0	3266.0	4296.0	5760.0	7809.0	10302.0	12853.0	15430.0	17015.0	17651.0	17963.0	17271.0	15769.0	14752.0	13406.0	11963.0	10843.0	9577.0	11543.0	45896.0
Lle-AHam_013.clmp.fp2_repr.R2	282.0	946.0	1283.0	1645.0	1947.0	2460.0	3110.0	4135.0	5522.0	7558.0	10126.0	12828.0	15440.0	16894.0	17688.0	17909.0	17331.0	15863.0	14875.0	13508.0	12040.0	11034.0	9749.0	12481.0	45500.0
Lle-AHam_014.clmp.fp2_repr.R1	7062.0	23069.0	31951.0	43230.0	56307.0	66300.0	78496.0	93589.0	113211.0	140451.0	177554.0	212309.0	243263.0	263233.0	267376.0	270820.0	256148.0	235171.0	213240.0	191978.0	169532.0	149001.0	125602.0	135201.0	418234.0
Lle-AHam_014.clmp.fp2_repr.R2	6240.0	21712.0	31075.0	42092.0	53960.0	63405.0	76284.0	90913.0	110021.0	138119.0	176040.0	211830.0	243445.0	264184.0	268573.0	271957.0	258459.0	237170.0	215093.0	194174.0	171326.0	150187.0	127177.0	145069.0	413823.0
Lle-AHam_015.clmp.fp2_repr.R1	8360.0	29792.0	42273.0	55834.0	70461.0	83272.0	96287.0	112123.0	134015.0	164842.0	205036.0	240784.0	265266.0	275079.0	270914.0	259529.0	240218.0	213365.0	190006.0	168403.0	149078.0	130672.0	112362.0	119424.0	385607.0
Lle-AHam_015.clmp.fp2_repr.R2	7533.0	28446.0	41217.0	54453.0	67776.0	80485.0	94425.0	110191.0	131173.0	162852.0	203915.0	240468.0	266033.0	275916.0	272183.0	261461.0	241886.0	215730.0	191874.0	169829.0	150779.0	132385.0	113588.0	128282.0	380122.0
Lle-AHam_016.clmp.fp2_repr.R1	1303.0	3703.0	4320.0	5297.0	6440.0	7883.0	9557.0	12306.0	16779.0	22000.0	30007.0	38180.0	46822.0	52540.0	56392.0	58663.0	58993.0	55960.0	52695.0	49111.0	47845.0	43489.0	39300.0	53521.0	222613.0
Lle-AHam_016.clmp.fp2_repr.R2	1073.0	3417.0	4046.0	4888.0	5815.0	6824.0	8665.0	11617.0	15501.0	21077.0	29298.0	37771.0	46522.0	52676.0	56549.0	59196.0	59291.0	56383.0	53437.0	50081.0	48612.0	44273.0	39758.0	59587.0	219362.0
Lle-AHam_017.clmp.fp2_repr.R1	7750.0	23756.0	30003.0	38845.0	50768.0	60770.0	72858.0	89082.0	110942.0	140808.0	182530.0	224345.0	262800.0	292365.0	303818.0	312158.0	300399.0	282811.0	263721.0	241250.0	218586.0	199412.0	174102.0	202074.0	658161.0
Lle-AHam_017.clmp.fp2_repr.R2	7094.0	23120.0	30006.0	38008.0	48406.0	57918.0	71093.0	86841.0	107330.0	139180.0	181615.0	223983.0	263134.0	293587.0	305168.0	314187.0	301873.0	285251.0	265677.0	242883.0	220480.0	200650.0	174881.0	219966.0	641783.0
Lle-AHam_018.clmp.fp2_repr.R1	6521.0	21095.0	28459.0	38220.0	50776.0	61486.0	74191.0	90889.0	113034.0	142163.0	181193.0	218047.0	248639.0	266789.0	269128.0	270080.0	252487.0	227714.0	206967.0	182526.0	161690.0	143299.0	120095.0	129792.0	404029.0
Lle-AHam_018.clmp.fp2_repr.R2	5474.0	19096.0	26881.0	36192.0	47633.0	58188.0	71590.0	87901.0	109804.0	139949.0	179609.0	217165.0	249036.0	267560.0	271278.0	271758.0	254418.0	230279.0	209564.0	185585.0	163823.0	144780.0	121762.0	142061.0	397923.0
Lle-AHam_019.clmp.fp2_repr.R1	7424.0	28775.0	44041.0	60878.0	78726.0	92182.0	106799.0	123057.0	144443.0	173053.0	208174.0	233920.0	249873.0	247532.0	233304.0	212747.0	188198.0	157820.0	133982.0	112518.0	93975.0	77604.0	62682.0	61832.0	175559.0
Lle-AHam_019.clmp.fp2_repr.R2	6192.0	26336.0	41926.0	58479.0	75715.0	89365.0	104551.0	121035.0	142204.0	171761.0	207369.0	234620.0	250784.0	248595.0	235141.0	214806.0	190360.0	159875.0	135968.0	114104.0	95628.0	78977.0	63811.0	66393.0	175103.0
Lle-AHam_020.clmp.fp2_repr.R1	3396.0	10300.0	13438.0	18726.0	25624.0	31173.0	38642.0	48576.0	61322.0	79183.0	103340.0	128562.0	149948.0	164592.0	166775.0	162125.0	151664.0	132787.0	115929.0	100862.0	85873.0	74310.0	62428.0	65825.0	185713.0
Lle-AHam_020.clmp.fp2_repr.R2	2883.0	9913.0	13582.0	18107.0	24173.0	29593.0	37755.0	47253.0	59451.0	78003.0	102733.0	128273.0	149936.0	164935.0	167226.0	162807.0	153134.0	133378.0	117115.0	101185.0	86894.0	75133.0	62995.0	70369.0	184287.0
Lle-AHam_021.clmp.fp2_repr.R1	5537.0	20116.0	29944.0	41761.0	55323.0	67785.0	81667.0	99488.0	121017.0	150717.0	186985.0	217165.0	237002.0	241947.0	234814.0	222051.0	199447.0	177936.0	153704.0	131456.0	113785.0	96545.0	81536.0	84161.0	261553.0
Lle-AHam_021.clmp.fp2_repr.R2	4967.0	19024.0	28995.0	41042.0	53225.0	65852.0	80356.0	98014.0	119027.0	149184.0	186196.0	217114.0	237705.0	242833.0	235808.0	222975.0	200851.0	179398.0	155134.0	132865.0	115053.0	97616.0	82162.0	90200.0	257846.0
Lle-AHam_022.clmp.fp2_repr.R1	5065.0	15992.0	22569.0	31134.0	41181.0	49396.0	58297.0	69081.0	83239.0	101834.0	128134.0	148191.0	171376.0	186102.0	188991.0	191376.0	180694.0	168977.0	154052.0	137379.0	124401.0	108896.0	98480.0	111316.0	360189.0
Lle-AHam_022.clmp.fp2_repr.R2	4502.0	15675.0	22231.0	30540.0	39545.0	47509.0	56973.0	67172.0	80289.0	99335.0	126337.0	147566.0	171129.0	186058.0	189539.0	192444.0	182319.0	170155.0	155476.0	138468.0	126054.0	110461.0	99783.0	122790.0	353992.0
Lle-AHam_023.clmp.fp2_repr.R1	5494.0	16725.0	20622.0	26968.0	35339.0	43607.0	54719.0	66217.0	83010.0	105683.0	137005.0	167880.0	196066.0	217129.0	226370.0	226760.0	216670.0	199170.0	182023.0	164387.0	148866.0	134972.0	119222.0	139987.0	468091.0
Lle-AHam_023.clmp.fp2_repr.R2	5172.0	16023.0	19884.0	25986.0	33412.0	41364.0	52663.0	64304.0	79604.0	103978.0	136098.0	167489.0	196681.0	218002.0	227830.0	228296.0	218205.0	200555.0	184031.0	166038.0	150288.0	135889.0	119633.0	153037.0	458520.0
Lle-AHam_024.clmp.fp2_repr.R1	3756.0	10197.0	11476.0	14584.0	20566.0	26561.0	34270.0	43685.0	54793.0	71040.0	93235.0	117435.0	139893.0	156215.0	162130.0	164670.0	157951.0	147577.0	136963.0	128232.0	115832.0	108968.0	98863.0	123288.0	465619.0
Lle-AHam_024.clmp.fp2_repr.R2	3380.0	9957.0	11644.0	14419.0	19171.0	25199.0	33014.0	42288.0	52764.0	69495.0	92405.0	116980.0	140106.0	156326.0	163029.0	165288.0	158713.0	148717.0	138241.0	129165.0	117004.0	109911.0	99195.0	135578.0	455810.0
Lle-AHam_025.clmp.fp2_repr.R1	3438.0	9953.0	12431.0	16533.0	22742.0	29573.0	37848.0	47659.0	59782.0	76595.0	97422.0	118311.0	134722.0	144107.0	142706.0	139896.0	128170.0	113112.0	98928.0	87119.0	75611.0	66062.0	58005.0	62286.0	198278.0
Lle-AHam_025.clmp.fp2_repr.R2	2803.0	9072.0	11861.0	15428.0	20931.0	28219.0	36682.0	46549.0	57941.0	75436.0	96635.0	118099.0	135123.0	145122.0	143558.0	141131.0	128887.0	113966.0	100358.0	88024.0	76602.0	67056.0	58335.0	68360.0	195111.0
Lle-AHam_026.clmp.fp2_repr.R1	3543.0	12638.0	18586.0	26611.0	36096.0	44191.0	53913.0	64917.0	79393.0	99265.0	124671.0	145834.0	161931.0	168693.0	167133.0	159440.0	146429.0	131354.0	117461.0	102763.0	89039.0	78657.0	66644.0	71005.0	218964.0
Lle-AHam_026.clmp.fp2_repr.R2	3258.0	11989.0	18462.0	26240.0	35016.0	42801.0	53203.0	64252.0	78078.0	98462.0	124293.0	145368.0	162148.0	168882.0	167923.0	159675.0	147211.0	132314.0	118435.0	103694.0	89733.0	78897.0	66973.0	76597.0	215267.0
Lle-AHam_027.clmp.fp2_repr.R1	4547.0	16049.0	24363.0	35087.0	45390.0	55190.0	65543.0	77451.0	93479.0	114713.0	140303.0	161875.0	176693.0	179705.0	174271.0	164307.0	149275.0	130974.0	113343.0	98384.0	84085.0	71986.0	60204.0	63450.0	185997.0
Lle-AHam_027.clmp.fp2_repr.R2	4033.0	15454.0	24349.0	34462.0	44469.0	53970.0	64688.0	76423.0	92054.0	113642.0	139719.0	161886.0	176904.0	179954.0	174984.0	164980.0	150179.0	131638.0	114147.0	99276.0	84536.0	72900.0	60693.0	69390.0	181934.0
Lle-AHam_028.clmp.fp2_repr.R1	2789.0	8969.0	13557.0	18975.0	25704.0	31217.0	37900.0	45358.0	56095.0	69141.0	87935.0	103734.0	116651.0	121083.0	120316.0	114692.0	106341.0	95019.0	83259.0	72770.0	63775.0	54914.0	46554.0	47103.0	140019.0
Lle-AHam_028.clmp.fp2_repr.R2	2237.0	8072.0	12699.0	17908.0	24444.0	29774.0	36655.0	44464.0	54795.0	68372.0	87527.0	103448.0	116720.0	121550.0	121143.0	115825.0	107646.0	95901.0	84257.0	73644.0	64594.0	55599.0	47268.0	50455.0	138873.0
Lle-AHam_029.clmp.fp2_repr.R1	5207.0	16501.0	21762.0	28874.0	37941.0	46822.0	57521.0	68970.0	85089.0	105979.0	134471.0	163176.0	187089.0	198965.0	202511.0	196278.0	183124.0	167262.0	148808.0	134885.0	120509.0	107934.0	93782.0	112498.0	383284.0
Lle-AHam_029.clmp.fp2_repr.R2	4865.0	16218.0	21806.0	28435.0	36682.0	45147.0	56405.0	67970.0	83022.0	105129.0	134021.0	162721.0	187099.0	199378.0	203188.0	197451.0	184548.0	168617.0	150029.0	136212.0	121617.0	108498.0	94010.0	123754.0	372420.0
Lle-AHam_030.clmp.fp2_repr.R1	5506.0	17576.0	23528.0	32141.0	43530.0	53368.0	65332.0	79289.0	97253.0	121954.0	153916.0	184763.0	208036.0	224051.0	225588.0	219208.0	203925.0	180759.0	159836.0	142777.0	124022.0	107041.0	91075.0	101377.0	311822.0
Lle-AHam_030.clmp.fp2_repr.R2	5047.0	16750.0	23368.0	31279.0	41370.0	51122.0	63353.0	77488.0	94533.0	120491.0	153329.0	184735.0	208434.0	224671.0	226329.0	220574.0	205376.0	182990.0	161468.0	144199.0	125516.0	108046.0	91089.0	109407.0	306709.0
Lle-AHam_031.clmp.fp2_repr.R1	7824.0	24941.0	32606.0	42608.0	54836.0	63660.0	75575.0	90853.0	110011.0	136249.0	174953.0	213213.0	247672.0	273991.0	283482.0	287694.0	273882.0	247858.0	227343.0	203836.0	181235.0	163518.0	139955.0	159862.0	513260.0
Lle-AHam_031.clmp.fp2_repr.R2	6753.0	22718.0	31021.0	40322.0	51348.0	59867.0	72234.0	86789.0	104892.0	132765.0	173080.0	212759.0	248753.0	274622.0	285624.0	289529.0	275652.0	251065.0	231247.0	206479.0	183617.0	165392.0	141947.0	171976.0	510466.0
Lle-AHam_032.clmp.fp2_repr.R1	6271.0	21723.0	32110.0	45219.0	60542.0	73899.0	88158.0	106252.0	128952.0	159243.0	199924.0	233178.0	256260.0	265095.0	259168.0	244635.0	219919.0	191906.0	164795.0	140301.0	120634.0	101037.0	84623.0	89450.0	270191.0
Lle-AHam_032.clmp.fp2_repr.R2	5258.0	19857.0	30297.0	43341.0	58108.0	70889.0	85869.0	104199.0	126069.0	157798.0	199241.0	233240.0	256980.0	266752.0	260523.0	246391.0	221701.0	194020.0	166628.0	142334.0	122141.0	102713.0	85429.0	95120.0	268587.0
Lle-CNas_001.clmp.fp2_repr.R1	1450.0	4046.0	4778.0	5622.0	6931.0	7945.0	9742.0	12896.0	17560.0	23310.0	30370.0	37955.0	45037.0	50895.0	55201.0	58674.0	60277.0	60784.0	61801.0	63906.0	66400.0	71055.0	75865.0	114136.0	1101968.0
Lle-CNas_001.clmp.fp2_repr.R2	1581.0	4584.0	5333.0	6236.0	7043.0	7914.0	9853.0	12903.0	16997.0	22978.0	30164.0	37859.0	45354.0	51096.0	55441.0	58629.0	60489.0	61208.0	62539.0	64543.0	67200.0	71753.0	76054.0	134747.0	1076106.0
Lle-CNas_002.clmp.fp2_repr.R1	917.0	2843.0	3333.0	4148.0	5192.0	5839.0	7141.0	9997.0	13631.0	18019.0	23747.0	29198.0	35239.0	39693.0	42688.0	45614.0	47413.0	47911.0	48927.0	50510.0	53066.0	55040.0	56488.0	85697.0	817402.0
Lle-CNas_002.clmp.fp2_repr.R2	1071.0	3302.0	3723.0	4586.0	5397.0	5938.0	7397.0	9925.0	13328.0	18042.0	23719.0	29314.0	35419.0	40059.0	42874.0	45680.0	47564.0	48298.0	49305.0	50923.0	53573.0	55330.0	56650.0	98152.0	800124.0
Lle-CNas_003.clmp.fp2_repr.R1	1237.0	3334.0	4029.0	5152.0	6279.0	7311.0	9138.0	12076.0	16524.0	22049.0	29308.0	36761.0	44132.0	50080.0	54699.0	58463.0	60335.0	62254.0	63995.0	65184.0	67531.0	70670.0	74136.0	113257.0	1029506.0
Lle-CNas_003.clmp.fp2_repr.R2	1512.0	4143.0	4984.0	5867.0	6411.0	7391.0	9320.0	12204.0	16071.0	21869.0	29220.0	36834.0	44348.0	50338.0	54843.0	58585.0	60782.0	62621.0	64424.0	65806.0	68262.0	71276.0	74369.0	133427.0	1002533.0
Lle-CNas_004.clmp.fp2_repr.R1	1276.0	3704.0	4256.0	5326.0	6330.0	7334.0	9172.0	12568.0	17033.0	23170.0	30406.0	38046.0	45658.0	52339.0	57406.0	61200.0	64128.0	65435.0	67701.0	69684.0	72704.0	76207.0	79694.0	126428.0	1295318.0
Lle-CNas_004.clmp.fp2_repr.R2	1584.0	4789.0	5308.0	6211.0	7101.0	7873.0	9708.0	12980.0	17114.0	23387.0	30949.0	38533.0	46066.0	52787.0	57708.0	61590.0	64647.0	66006.0	68529.0	70199.0	73458.0	76835.0	79545.0	154661.0	1254955.0
Lle-CNas_005.clmp.fp2_repr.R1	729.0	2205.0	2735.0	3336.0	4086.0	4751.0	5828.0	7846.0	10849.0	14534.0	18595.0	22894.0	26932.0	30064.0	32127.0	34087.0	35248.0	35982.0	37062.0	38060.0	39208.0	41639.0	43233.0	69547.0	699287.0
Lle-CNas_005.clmp.fp2_repr.R2	954.0	2639.0	3217.0	3802.0	4339.0	4840.0	6029.0	8038.0	10776.0	14463.0	18764.0	22956.0	27058.0	30092.0	32176.0	34233.0	35483.0	36242.0	37353.0	38362.0	39589.0	41773.0	43182.0	80567.0	683937.0
Lle-CNas_006.clmp.fp2_repr.R1	2731.0	7743.0	9151.0	12316.0	16281.0	20493.0	27292.0	38856.0	55982.0	75799.0	99236.0	121855.0	142175.0	155130.0	162337.0	164360.0	162714.0	156276.0	152820.0	149339.0	148580.0	152865.0	162226.0	248945.0	2247437.0
Lle-CNas_006.clmp.fp2_repr.R2	3338.0	9291.0	10845.0	13541.0	16585.0	20331.0	27755.0	39070.0	55120.0	75698.0	99149.0	122339.0	142716.0	155540.0	162708.0	164927.0	163742.0	157679.0	154182.0	150371.0	150016.0	154376.0	162416.0	294348.0	2186856.0
Lle-CNas_007.clmp.fp2_repr.R1	1002.0	2908.0	3360.0	4273.0	5299.0	6215.0	8315.0	11522.0	16256.0	22269.0	29445.0	37170.0	43824.0	49502.0	53253.0	55329.0	56825.0	57084.0	58709.0	58813.0	61356.0	63017.0	66423.0	93590.0	839905.0
Lle-CNas_007.clmp.fp2_repr.R2	1186.0	3177.0	3811.0	4686.0	5462.0	6292.0	8588.0	11594.0	15973.0	22117.0	29385.0	37077.0	43693.0	49754.0	53238.0	55452.0	57045.0	57289.0	59211.0	59217.0	61603.0	63530.0	66216.0	107339.0	822729.0
Lle-CNas_008.clmp.fp2_repr.R1	1304.0	3826.0	4681.0	5660.0	6813.0	7991.0	9705.0	13198.0	17876.0	23527.0	30203.0	37180.0	43399.0	49259.0	52321.0	55280.0	56750.0	57113.0	57762.0	59194.0	60961.0	63915.0	65486.0	105084.0	1016772.0
Lle-CNas_008.clmp.fp2_repr.R2	1469.0	4450.0	5318.0	6199.0	7134.0	7955.0	10017.0	13318.0	17465.0	23384.0	30188.0	37185.0	43529.0	49556.0	52896.0	55301.0	56901.0	57323.0	58425.0	59580.0	61603.0	64454.0	65556.0	124334.0	991720.0
Lle-CNas_009.clmp.fp2_repr.R1	1319.0	3683.0	4571.0	5766.0	7846.0	9591.0	12981.0	18314.0	26548.0	36286.0	47780.0	59296.0	69432.0	77051.0	81876.0	84279.0	84133.0	82485.0	82437.0	81803.0	82490.0	85539.0	88401.0	123957.0	1038419.0
Lle-CNas_009.clmp.fp2_repr.R2	1484.0	4147.0	5025.0	6111.0	7817.0	9481.0	13077.0	18000.0	26083.0	36025.0	47551.0	59170.0	69575.0	77456.0	81851.0	84399.0	84328.0	82779.0	83079.0	82198.0	83243.0	86134.0	88542.0	140429.0	1018299.0
Lle-CNas_010.clmp.fp2_repr.R1	1118.0	2963.0	3541.0	4460.0	5519.0	6464.0	8119.0	11229.0	15640.0	21027.0	27705.0	34083.0	41166.0	46922.0	50088.0	52979.0	54165.0	54206.0	55473.0	56433.0	58021.0	60752.0	63049.0	91429.0	837249.0
Lle-CNas_010.clmp.fp2_repr.R2	1241.0	3332.0	3890.0	4617.0	5495.0	6315.0	8120.0	11245.0	15108.0	20800.0	27463.0	34007.0	41306.0	46909.0	50179.0	52976.0	54193.0	54547.0	55774.0	56779.0	58547.0	61337.0	63504.0	102906.0	823210.0
Lle-CNas_011.clmp.fp2_repr.R1	1016.0	3068.0	3531.0	4319.0	5458.0	5924.0	7261.0	9692.0	13776.0	18133.0	23485.0	29278.0	34652.0	38508.0	41864.0	44383.0	45570.0	46292.0	47625.0	48661.0	51009.0	54027.0	56293.0	87729.0	848732.0
Lle-CNas_011.clmp.fp2_repr.R2	1165.0	3489.0	4097.0	4791.0	5454.0	5958.0	7418.0	9878.0	13729.0	18049.0	23396.0	29475.0	34765.0	38625.0	41933.0	44582.0	45728.0	46523.0	47960.0	48989.0	51410.0	54357.0	56551.0	99363.0	832601.0
Lle-CNas_012.clmp.fp2_repr.R1	1381.0	3810.0	4386.0	5652.0	6899.0	8324.0	10770.0	14957.0	21377.0	28463.0	37604.0	46702.0	55317.0	61809.0	66211.0	69523.0	71023.0	71314.0	72405.0	74057.0	76638.0	81695.0	88564.0	140294.0	1535819.0
Lle-CNas_012.clmp.fp2_repr.R2	1838.0	5071.0	5658.0	6777.0	7617.0	8914.0	11457.0	15675.0	21385.0	28785.0	38095.0	47005.0	56014.0	62421.0	66999.0	69933.0	71647.0	72115.0	73079.0	74800.0	77421.0	82135.0	88542.0	178483.0	1483128.0
Lle-CNas_013.clmp.fp2_repr.R1	1046.0	3216.0	3896.0	4953.0	5908.0	6870.0	8698.0	11808.0	16059.0	21476.0	27456.0	34314.0	39823.0	44612.0	47691.0	49572.0	50358.0	50525.0	51026.0	52363.0	54330.0	56611.0	58284.0	86178.0	774920.0
Lle-CNas_013.clmp.fp2_repr.R2	1094.0	3478.0	4321.0	5096.0	5887.0	6772.0	8628.0	11839.0	15807.0	21389.0	27243.0	34309.0	39919.0	44616.0	47771.0	49404.0	50570.0	50777.0	51543.0	52640.0	54707.0	56947.0	58513.0	97996.0	760727.0
Lle-CNas_014.clmp.fp2_repr.R1	1523.0	4395.0	5094.0	6476.0	8084.0	9614.0	12531.0	17003.0	24269.0	33163.0	44332.0	55425.0	66460.0	76218.0	82798.0	87302.0	90129.0	90329.0	91473.0	93115.0	95042.0	99017.0	103061.0	151089.0	1363751.0
Lle-CNas_014.clmp.fp2_repr.R2	1767.0	4944.0	5861.0	6963.0	8056.0	9398.0	12333.0	16858.0	23519.0	32721.0	43964.0	55375.0	66649.0	76364.0	82896.0	87633.0	90571.0	90922.0	92026.0	93803.0	95919.0	99660.0	103561.0	172297.0	1337633.0
Lle-CNas_015.clmp.fp2_repr.R1	1224.0	3358.0	4223.0	5371.0	6781.0	8002.0	10311.0	14083.0	19668.0	26784.0	35025.0	44013.0	53082.0	59682.0	64827.0	67913.0	69530.0	69426.0	70305.0	70704.0	71804.0	73817.0	75144.0	105385.0	812008.0
Lle-CNas_015.clmp.fp2_repr.R2	1332.0	3882.0	4791.0	5845.0	6918.0	7957.0	10416.0	14105.0	19339.0	26518.0	34868.0	44031.0	53103.0	60038.0	65023.0	68003.0	69676.0	69898.0	70816.0	71177.0	72449.0	74227.0	74995.0	118497.0	794566.0
Lle-CNas_016.clmp.fp2_repr.R1	1582.0	4676.0	5530.0	7148.0	8971.0	11071.0	13767.0	19347.0	27267.0	36272.0	47910.0	58675.0	68878.0	76455.0	81278.0	84693.0	85579.0	85054.0	84797.0	86240.0	89058.0	92414.0	97922.0	139592.0	1220314.0
Lle-CNas_016.clmp.fp2_repr.R2	1966.0	5458.0	6631.0	7873.0	9485.0	11089.0	14196.0	19464.0	26919.0	36147.0	47856.0	58798.0	69079.0	76785.0	81534.0	84893.0	85988.0	85391.0	85444.0	86775.0	89536.0	92821.0	97773.0	158592.0	1193997.0
Lle-CNas_017.clmp.fp2_repr.R1	2988.0	9257.0	12286.0	17174.0	22943.0	28943.0	38757.0	54085.0	75522.0	100631.0	130520.0	157064.0	181980.0	195463.0	202086.0	201935.0	197560.0	188086.0	178195.0	170603.0	165285.0	166075.0	171399.0	230459.0	1637009.0
Lle-CNas_017.clmp.fp2_repr.R2	3238.0	9946.0	13133.0	17347.0	22800.0	28421.0	38261.0	53612.0	74078.0	99870.0	130192.0	157138.0	181984.0	195932.0	202455.0	202938.0	198450.0	188985.0	179558.0	171716.0	166591.0	167131.0	171753.0	259855.0	1600921.0
Lle-CNas_018.clmp.fp2_repr.R1	1321.0	3958.0	4699.0	6064.0	7603.0	8619.0	11178.0	14782.0	20416.0	27286.0	35020.0	43645.0	52261.0	57506.0	61702.0	63894.0	64896.0	65736.0	66699.0	67200.0	69523.0	72805.0	75533.0	108910.0	1006497.0
Lle-CNas_018.clmp.fp2_repr.R2	1452.0	4345.0	5209.0	6435.0	7483.0	8746.0	11297.0	14969.0	20085.0	27205.0	35075.0	43789.0	52383.0	57775.0	61829.0	64172.0	65238.0	66191.0	67219.0	67530.0	69939.0	73360.0	75514.0	123876.0	986637.0
Lle-CNas_019.clmp.fp2_repr.R1	871.0	2844.0	3287.0	4144.0	5109.0	5789.0	7242.0	9893.0	13565.0	17925.0	23044.0	28601.0	33642.0	37501.0	40196.0	42558.0	43677.0	43936.0	44474.0	46161.0	47134.0	50238.0	52051.0	76836.0	745842.0
Lle-CNas_019.clmp.fp2_repr.R2	1077.0	3326.0	3899.0	4588.0	5344.0	5898.0	7416.0	10053.0	13445.0	17876.0	23084.0	28655.0	33639.0	37583.0	40428.0	42686.0	43761.0	44125.0	44724.0	46525.0	47482.0	50584.0	52072.0	91442.0	726848.0
Lle-CNas_020.clmp.fp2_repr.R1	1269.0	3603.0	4433.0	5266.0	6872.0	7704.0	9400.0	12507.0	17220.0	22771.0	29353.0	36427.0	43549.0	48786.0	52442.0	55789.0	57046.0	57208.0	59330.0	60497.0	63019.0	67061.0	71697.0	109580.0	1081216.0
Lle-CNas_020.clmp.fp2_repr.R2	1521.0	4318.0	5045.0	5957.0	6977.0	7896.0	9494.0	12609.0	16870.0	22735.0	29411.0	36354.0	43563.0	48803.0	52610.0	56017.0	57494.0	57579.0	59807.0	60847.0	63648.0	67368.0	71869.0	127335.0	1057918.0
Lle-CNas_021.clmp.fp2_repr.R1	2456.0	6879.0	8021.0	10215.0	12891.0	15051.0	19346.0	26183.0	36465.0	48055.0	61857.0	75654.0	88470.0	99593.0	104821.0	109059.0	110066.0	109126.0	109454.0	109608.0	113057.0	117816.0	123318.0	191899.0	1862187.0
Lle-CNas_021.clmp.fp2_repr.R2	2753.0	7576.0	9011.0	10765.0	12840.0	15028.0	19346.0	25975.0	35602.0	47500.0	61618.0	75609.0	88929.0	99951.0	105268.0	109470.0	110587.0	109908.0	110561.0	110573.0	114256.0	118900.0	123703.0	222851.0	1822967.0
Lle-CNas_022.clmp.fp2_repr.R1	1193.0	3463.0	4147.0	5225.0	6484.0	8005.0	9916.0	13850.0	18963.0	25766.0	33402.0	42145.0	50200.0	55859.0	60262.0	63291.0	64773.0	65042.0	65722.0	66537.0	68253.0	71753.0	74609.0	107891.0	987542.0
Lle-CNas_022.clmp.fp2_repr.R2	1285.0	3893.0	4557.0	5537.0	6478.0	7836.0	9780.0	13612.0	18489.0	25365.0	33229.0	41978.0	50143.0	55747.0	60076.0	63462.0	65040.0	65338.0	66138.0	66988.0	68858.0	72345.0	74782.0	122379.0	970958.0
Lle-CNas_023.clmp.fp2_repr.R1	1825.0	5277.0	6414.0	8028.0	10366.0	12613.0	16834.0	23867.0	33509.0	44506.0	57879.0	70401.0	82075.0	90668.0	95115.0	97688.0	98025.0	96747.0	96124.0	96098.0	98295.0	101994.0	106151.0	160123.0	1615485.0
Lle-CNas_023.clmp.fp2_repr.R2	2469.0	6844.0	8052.0	9476.0	11235.0	13316.0	17637.0	24374.0	33562.0	44909.0	58248.0	71030.0	82761.0	91209.0	95747.0	98258.0	98483.0	97607.0	97102.0	96842.0	99090.0	102630.0	105643.0	203318.0	1556265.0
Lle-CNas_024.clmp.fp2_repr.R1	1156.0	3212.0	3918.0	4797.0	6073.0	7202.0	8996.0	12320.0	16981.0	22951.0	30091.0	37407.0	45886.0	51675.0	55968.0	59101.0	61128.0	61016.0	62106.0	63489.0	64659.0	67304.0	68091.0	97680.0	836494.0
Lle-CNas_024.clmp.fp2_repr.R2	1219.0	3553.0	4281.0	4999.0	5927.0	7022.0	8900.0	12022.0	16464.0	22770.0	29858.0	37422.0	45833.0	51770.0	56211.0	59063.0	61105.0	61301.0	62488.0	63894.0	64913.0	67596.0	68399.0	108565.0	824126.0
Lle-CNas_025.clmp.fp2_repr.R1	1378.0	4075.0	4919.0	5860.0	7233.0	8192.0	10271.0	14074.0	19148.0	25688.0	33365.0	41588.0	49107.0	55349.0	59367.0	62462.0	63954.0	64589.0	65832.0	66603.0	69712.0	72852.0	76259.0	115125.0	1111408.0
Lle-CNas_025.clmp.fp2_repr.R2	1653.0	4727.0	5519.0	6425.0	7367.0	8407.0	10606.0	14116.0	18910.0	25397.0	33478.0	41510.0	49360.0	55505.0	59569.0	62630.0	64274.0	65052.0	66515.0	67184.0	70384.0	73469.0	76373.0	135276.0	1084704.0
Lle-CNas_026.clmp.fp2_repr.R1	481.0	1407.0	1764.0	2242.0	2774.0	3305.0	4177.0	5743.0	7754.0	10520.0	13769.0	16987.0	19608.0	21890.0	23586.0	24576.0	25144.0	24862.0	25444.0	25353.0	25813.0	26152.0	26956.0	38954.0	377940.0
Lle-CNas_026.clmp.fp2_repr.R2	526.0	1638.0	1965.0	2339.0	2833.0	3281.0	4153.0	5654.0	7578.0	10388.0	13724.0	16940.0	19648.0	21987.0	23689.0	24541.0	25328.0	24987.0	25592.0	25593.0	26018.0	26446.0	26817.0	44343.0	371193.0
Lle-CNas_027.clmp.fp2_repr.R1	1033.0	3072.0	3738.0	4469.0	5780.0	6542.0	8266.0	11412.0	15488.0	20770.0	26313.0	32654.0	38524.0	43136.0	46262.0	48894.0	50108.0	50704.0	51178.0	52022.0	53882.0	55666.0	57851.0	89006.0	912964.0
Lle-CNas_027.clmp.fp2_repr.R2	1301.0	3803.0	4482.0	5151.0	6057.0	6811.0	8595.0	11680.0	15433.0	20981.0	26590.0	32852.0	38841.0	43384.0	46611.0	49146.0	50302.0	51011.0	51599.0	52451.0	54373.0	56123.0	57888.0	107758.0	886511.0
Lle-CNas_028.clmp.fp2_repr.R1	1170.0	3404.0	4121.0	5178.0	6680.0	7538.0	9703.0	13293.0	18040.0	24740.0	32498.0	41122.0	48853.0	55540.0	60727.0	64481.0	66563.0	67072.0	68397.0	68765.0	71143.0	73894.0	76031.0	112321.0	1050937.0
Lle-CNas_028.clmp.fp2_repr.R2	1480.0	4254.0	4931.0	5865.0	6965.0	7861.0	10003.0	13488.0	18176.0	24651.0	32715.0	41238.0	49325.0	55883.0	61044.0	64700.0	66668.0	67435.0	68995.0	69442.0	71488.0	74458.0	75947.0	132013.0	1023186.0
Lle-CNas_029.clmp.fp2_repr.R1	772.0	2198.0	2628.0	3248.0	3920.0	4790.0	5990.0	8207.0	11508.0	15395.0	20273.0	25294.0	30381.0	34974.0	37540.0	40574.0	41355.0	42471.0	43417.0	44172.0	44833.0	46220.0	47552.0	69490.0	629589.0
Lle-CNas_029.clmp.fp2_repr.R2	881.0	2568.0	2925.0	3493.0	4078.0	4714.0	6031.0	8090.0	11402.0	15280.0	20082.0	25258.0	30387.0	35105.0	37550.0	40565.0	41703.0	42732.0	43592.0	44544.0	45163.0	46612.0	47588.0	78626.0	617822.0
Lle-CNas_030.clmp.fp2_repr.R1	1373.0	3957.0	4675.0	5789.0	7625.0	8755.0	11330.0	15255.0	21263.0	28740.0	37205.0	45978.0	55119.0	61305.0	67071.0	69962.0	71765.0	72760.0	73201.0	74624.0	77468.0	82744.0	86936.0	129663.0	1259951.0
Lle-CNas_030.clmp.fp2_repr.R2	1687.0	4929.0	5579.0	6414.0	8063.0	8952.0	11700.0	15390.0	20985.0	28750.0	36979.0	46482.0	55173.0	61602.0	67297.0	70179.0	72309.0	73132.0	73795.0	75215.0	78007.0	83475.0	86861.0	154717.0	1226842.0
Lle-CNas_031.clmp.fp2_repr.R1	529.0	1596.0	1918.0	2301.0	2844.0	3304.0	4205.0	5430.0	7637.0	10239.0	13618.0	17294.0	21108.0	24022.0	26391.0	28210.0	29376.0	29765.0	30603.0	30927.0	31522.0	32196.0	32994.0	47996.0	434602.0
Lle-CNas_031.clmp.fp2_repr.R2	650.0	1852.0	2153.0	2414.0	2861.0	3284.0	4146.0	5455.0	7408.0	10118.0	13518.0	17215.0	21181.0	24059.0	26411.0	28254.0	29390.0	29946.0	30856.0	31188.0	31670.0	32558.0	33222.0	53469.0	427349.0
Lle-CNas_032.clmp.fp2_repr.R1	981.0	2903.0	3274.0	4197.0	5473.0	6265.0	8308.0	11354.0	15722.0	21665.0	28536.0	36193.0	43477.0	49576.0	53231.0	57316.0	59086.0	60648.0	61060.0	63120.0	64013.0	66246.0	67542.0	98222.0	877395.0
Lle-CNas_032.clmp.fp2_repr.R2	1201.0	3494.0	4022.0	4711.0	5686.0	6337.0	8556.0	11385.0	15427.0	21482.0	28404.0	36257.0	43630.0	49806.0	53433.0	57512.0	59371.0	60976.0	61649.0	63393.0	64448.0	66720.0	67271.0	114145.0	856487.0
Lle-CNas_033.clmp.fp2_repr.R1	3468.0	10242.0	12667.0	15483.0	18949.0	22619.0	28792.0	38666.0	53492.0	70689.0	91373.0	111463.0	131550.0	145446.0	153502.0	159546.0	160096.0	157432.0	156885.0	155721.0	157684.0	166447.0	181167.0	290393.0	2805331.0
Lle-CNas_033.clmp.fp2_repr.R2	3876.0	11453.0	14038.0	16361.0	19208.0	22573.0	28781.0	38566.0	52215.0	69860.0	91083.0	111471.0	131797.0	145988.0	153913.0	159859.0	160860.0	158587.0	158175.0	157014.0	159493.0	167608.0	181669.0	325550.0	2759105.0
Lle-CNas_034.clmp.fp2_repr.R1	1040.0	2864.0	3361.0	4068.0	4968.0	5619.0	7130.0	9534.0	12986.0	17502.0	22640.0	29073.0	34709.0	39849.0	43413.0	47217.0	48852.0	50383.0	51681.0	53745.0	55752.0	59102.0	61480.0	94281.0	903327.0
Lle-CNas_034.clmp.fp2_repr.R2	1169.0	3266.0	3878.0	4453.0	5082.0	5505.0	7188.0	9513.0	12529.0	17157.0	22509.0	28736.0	34695.0	39892.0	43506.0	47267.0	49012.0	50619.0	52108.0	54047.0	56244.0	59617.0	61695.0	108930.0	885959.0
Lle-CNas_035.clmp.fp2_repr.R1	1590.0	4378.0	4668.0	5459.0	6370.0	7168.0	8380.0	11078.0	14984.0	19322.0	24821.0	31068.0	37951.0	43807.0	47929.0	52869.0	55851.0	58164.0	61283.0	64295.0	69718.0	75728.0	81296.0	159315.0	1983695.0
Lle-CNas_035.clmp.fp2_repr.R2	2657.0	6835.0	7228.0	7530.0	8205.0	8448.0	9890.0	12425.0	15582.0	20023.0	25764.0	32033.0	38927.0	44731.0	48890.0	53630.0	56794.0	59324.0	62640.0	65557.0	71233.0	77176.0	81251.0	212588.0	1901826.0
Lle-CNas_036.clmp.fp2_repr.R1	1267.0	3686.0	4201.0	5257.0	6699.0	7831.0	10140.0	13641.0	18906.0	25576.0	34190.0	42849.0	51666.0	58338.0	64078.0	67756.0	69830.0	70941.0	72374.0	73981.0	76309.0	81199.0	85304.0	124063.0	1091029.0
Lle-CNas_036.clmp.fp2_repr.R2	1406.0	3924.0	4671.0	5413.0	6619.0	7575.0	9832.0	13473.0	18288.0	25223.0	33859.0	42555.0	51561.0	58458.0	63868.0	67652.0	70154.0	71204.0	72997.0	74176.0	76925.0	81943.0	85507.0	137175.0	1076653.0
Lle-CNas_037.clmp.fp2_repr.R1	1447.0	3990.0	4745.0	5952.0	7441.0	9089.0	11908.0	16683.0	23641.0	32142.0	41944.0	53420.0	62432.0	69678.0	74698.0	77032.0	78267.0	77216.0	78022.0	78447.0	80203.0	84406.0	90109.0	133590.0	1290869.0
Lle-CNas_037.clmp.fp2_repr.R2	1710.0	4781.0	5570.0	6460.0	7580.0	9078.0	11976.0	16506.0	23044.0	31999.0	42023.0	53350.0	62495.0	69846.0	74740.0	77257.0	78751.0	77688.0	78663.0	78883.0	81154.0	85246.0	90048.0	157575.0	1260948.0
Lle-CNas_038.clmp.fp2_repr.R1	2088.0	6424.0	7999.0	10011.0	12396.0	14605.0	18337.0	25000.0	33705.0	43982.0	56951.0	69209.0	80619.0	89591.0	95287.0	98411.0	99553.0	98597.0	98353.0	97501.0	101256.0	106960.0	114880.0	179907.0	1823525.0
Lle-CNas_038.clmp.fp2_repr.R2	2501.0	7549.0	9133.0	10934.0	12833.0	14767.0	18636.0	25160.0	33288.0	44136.0	57143.0	69644.0	81086.0	90008.0	95689.0	98837.0	100127.0	99399.0	99215.0	98419.0	102375.0	107942.0	115200.0	212752.0	1778374.0
Lle-CNas_039.clmp.fp2_repr.R1	1151.0	3139.0	3504.0	4338.0	5231.0	5825.0	7258.0	9530.0	13422.0	18018.0	23296.0	29505.0	35504.0	40773.0	45022.0	49038.0	51408.0	53565.0	55332.0	57607.0	60892.0	65053.0	68642.0	109575.0	1109622.0
Lle-CNas_039.clmp.fp2_repr.R2	1382.0	4113.0	4441.0	5165.0	5762.0	6139.0	7753.0	9929.0	13342.0	18163.0	23568.0	29823.0	35896.0	41033.0	45435.0	49282.0	51990.0	54047.0	55743.0	58199.0	61580.0	65611.0	68368.0	131451.0	1078035.0
Lle-CNas_040.clmp.fp2_repr.R1	2009.0	6666.0	8763.0	11575.0	13994.0	16620.0	21225.0	28178.0	38730.0	50356.0	65580.0	78751.0	90818.0	98625.0	102729.0	104616.0	103013.0	100090.0	98897.0	96643.0	96401.0	99267.0	104494.0	141217.0	1155176.0
Lle-CNas_040.clmp.fp2_repr.R2	2107.0	7087.0	9219.0	11609.0	13828.0	16333.0	20976.0	27974.0	37879.0	49868.0	65021.0	78564.0	90825.0	98691.0	102877.0	104677.0	103394.0	100692.0	99362.0	97169.0	97057.0	99836.0	104680.0	158995.0	1135713.0
Lle-CNas_041.clmp.fp2_repr.R1	1917.0	5897.0	7539.0	9864.0	12482.0	14923.0	19131.0	25680.0	35543.0	46598.0	60055.0	73104.0	84694.0	92393.0	96698.0	99251.0	98413.0	95931.0	93658.0	92394.0	93433.0	96748.0	102220.0	141083.0	1203920.0
Lle-CNas_041.clmp.fp2_repr.R2	1900.0	6275.0	7934.0	9993.0	12202.0	14558.0	18817.0	25396.0	34772.0	46097.0	59904.0	72869.0	84740.0	92547.0	96810.0	99227.0	98829.0	96468.0	94329.0	92981.0	94227.0	97293.0	102464.0	160432.0	1182505.0
Lle-CNas_042.clmp.fp2_repr.R1	2578.0	7066.0	8796.0	11195.0	13940.0	16656.0	21877.0	30154.0	42709.0	57407.0	75336.0	93341.0	109566.0	121558.0	127505.0	132017.0	131901.0	130146.0	127873.0	126186.0	127345.0	133201.0	142658.0	220737.0	1958091.0
Lle-CNas_042.clmp.fp2_repr.R2	3039.0	8531.0	10034.0	12248.0	14469.0	16998.0	22055.0	30283.0	41959.0	57428.0	75432.0	93680.0	110107.0	121902.0	127830.0	132310.0	132533.0	130773.0	128732.0	127243.0	128460.0	134070.0	142569.0	251021.0	1916133.0
Lle-CNas_043.clmp.fp2_repr.R1	380.0	1072.0	1158.0	1526.0	1907.0	2313.0	3018.0	4169.0	5924.0	8086.0	10629.0	13480.0	15963.0	18703.0	20152.0	21542.0	22026.0	22370.0	22455.0	22538.0	22713.0	22881.0	22557.0	32106.0	273985.0
Lle-CNas_043.clmp.fp2_repr.R2	399.0	1089.0	1300.0	1557.0	1859.0	2243.0	3000.0	4180.0	5663.0	7962.0	10600.0	13505.0	15939.0	18766.0	20188.0	21564.0	22226.0	22546.0	22648.0	22682.0	22999.0	23053.0	22683.0	35738.0	269264.0
Lle-CNas_044.clmp.fp2_repr.R1	1538.0	4369.0	5428.0	6859.0	8536.0	10001.0	12602.0	16626.0	22647.0	30039.0	38970.0	48224.0	56551.0	63379.0	66493.0	70007.0	71296.0	70951.0	71166.0	71474.0	73411.0	76918.0	79704.0	112591.0	1010244.0
Lle-CNas_044.clmp.fp2_repr.R2	1714.0	4907.0	5899.0	7266.0	8506.0	9782.0	12526.0	16571.0	22233.0	29854.0	38859.0	48399.0	56522.0	63608.0	66730.0	70071.0	71554.0	71428.0	71756.0	72032.0	74145.0	77609.0	79617.0	127764.0	990672.0
Lle-CNas_045.clmp.fp2_repr.R1	2147.0	6058.0	7174.0	8958.0	11165.0	13036.0	16193.0	22235.0	30727.0	40384.0	52373.0	65151.0	76592.0	85783.0	92336.0	95990.0	98373.0	97010.0	99024.0	100172.0	103123.0	109692.0	117904.0	193651.0	2039527.0
Lle-CNas_045.clmp.fp2_repr.R2	2496.0	7200.0	8328.0	9834.0	11522.0	13096.0	16547.0	22617.0	30109.0	40313.0	52207.0	65156.0	76988.0	86354.0	92772.0	96679.0	99146.0	97922.0	99963.0	101304.0	104301.0	110735.0	118036.0	226966.0	1994187.0
Lle-CNas_046.clmp.fp2_repr.R1	1137.0	3252.0	3654.0	4540.0	5679.0	6328.0	8094.0	10996.0	15353.0	20622.0	26988.0	33994.0	40365.0	45602.0	49582.0	53699.0	55187.0	56584.0	57942.0	59458.0	62044.0	65011.0	67505.0	103880.0	1032298.0
Lle-CNas_046.clmp.fp2_repr.R2	1401.0	3910.0	4337.0	5090.0	5777.0	6538.0	8257.0	11307.0	15062.0	20396.0	27143.0	34245.0	40604.0	45851.0	49888.0	53769.0	55611.0	57203.0	58253.0	60071.0	62512.0	65565.0	67389.0	121326.0	1008289.0
Lle-CNas_047.clmp.fp2_repr.R1	889.0	2348.0	2704.0	3189.0	4076.0	4696.0	6301.0	9028.0	13400.0	19245.0	25900.0	32684.0	39853.0	44992.0	48958.0	51649.0	52742.0	52828.0	53618.0	54690.0	55527.0	57098.0	57234.0	82115.0	740805.0
Lle-CNas_047.clmp.fp2_repr.R2	1179.0	3109.0	3535.0	3780.0	4497.0	4936.0	6586.0	9443.0	13295.0	19396.0	26065.0	32844.0	40128.0	45357.0	49216.0	51841.0	52892.0	53193.0	53849.0	55072.0	55896.0	57578.0	57103.0	99965.0	715814.0
Lle-CNas_048.clmp.fp2_repr.R1	1303.0	3570.0	4261.0	5254.0	6739.0	7784.0	10063.0	13300.0	18641.0	24792.0	32608.0	40860.0	49404.0	55468.0	60281.0	63828.0	66163.0	67124.0	67852.0	69276.0	71606.0	74481.0	76284.0	110351.0	965660.0
Lle-CNas_048.clmp.fp2_repr.R2	1426.0	4084.0	4853.0	5696.0	6799.0	7776.0	10048.0	13446.0	18119.0	24658.0	32461.0	40792.0	49484.0	55588.0	60357.0	64045.0	66266.0	67465.0	68223.0	69750.0	72350.0	75377.0	76386.0	127367.0	944137.0
Lle-CNas_049.clmp.fp2_repr.R1	780.0	2287.0	2698.0	3255.0	3953.0	4599.0	6014.0	8032.0	11199.0	15064.0	19679.0	25063.0	30256.0	35301.0	38199.0	41374.0	43260.0	44182.0	45914.0	46951.0	48861.0	50602.0	51835.0	76859.0	726802.0
Lle-CNas_049.clmp.fp2_repr.R2	903.0	2553.0	3033.0	3461.0	4063.0	4632.0	5898.0	8084.0	11099.0	14898.0	19464.0	25079.0	30219.0	35383.0	38214.0	41547.0	43305.0	44459.0	46199.0	47340.0	49378.0	50974.0	51967.0	90077.0	710790.0
Lle-CNas_050.clmp.fp2_repr.R1	1087.0	3182.0	3817.0	4899.0	6108.0	7295.0	9274.0	12677.0	17928.0	23725.0	31572.0	39679.0	47120.0	53752.0	58527.0	61823.0	63119.0	64431.0	65367.0	66579.0	69192.0	72159.0	74150.0	107656.0	974547.0
Lle-CNas_050.clmp.fp2_repr.R2	1255.0	3668.0	4422.0	5367.0	6183.0	7429.0	9361.0	12752.0	17570.0	23596.0	31727.0	39607.0	47273.0	53915.0	58494.0	61891.0	63522.0	64900.0	65973.0	67094.0	69773.0	72607.0	73963.0	125949.0	951374.0
Lle-CNas_051.clmp.fp2_repr.R1	975.0	2667.0	3028.0	3719.0	4591.0	5149.0	6371.0	8328.0	11683.0	15637.0	20647.0	26595.0	32523.0	37365.0	41315.0	44693.0	47016.0	49044.0	50845.0	52952.0	55078.0	58797.0	60933.0	99583.0	942753.0
Lle-CNas_051.clmp.fp2_repr.R2	1238.0	3319.0	3713.0	4382.0	4841.0	5252.0	6471.0	8480.0	11290.0	15501.0	20609.0	26503.0	32655.0	37666.0	41693.0	45034.0	47302.0	49379.0	51374.0	53395.0	55706.0	59318.0	60736.0	116359.0	920071.0
Lle-CNas_052.clmp.fp2_repr.R1	485.0	1336.0	1498.0	1915.0	2458.0	3065.0	4054.0	5794.0	8601.0	11934.0	15920.0	20250.0	23952.0	26840.0	29219.0	30440.0	30894.0	31040.0	31336.0	32047.0	31449.0	32447.0	32556.0	48181.0	442046.0
Lle-CNas_052.clmp.fp2_repr.R2	618.0	1601.0	1832.0	2157.0	2560.0	3049.0	4048.0	5756.0	8432.0	11865.0	15963.0	20163.0	24001.0	26943.0	29292.0	30649.0	30989.0	31140.0	31650.0	32337.0	31736.0	32825.0	32673.0	56484.0	430994.0
Lle-CNas_053.clmp.fp2_repr.R1	1288.0	3961.0	4752.0	5684.0	6887.0	8178.0	10190.0	13455.0	18690.0	24898.0	32464.0	40571.0	48766.0	54615.0	59137.0	61951.0	64031.0	64612.0	65511.0	66578.0	70312.0	73766.0	78400.0	113124.0	1058333.0
Lle-CNas_053.clmp.fp2_repr.R2	1469.0	4365.0	5194.0	6066.0	6864.0	8211.0	10212.0	13395.0	18181.0	24579.0	32470.0	40364.0	48798.0	54586.0	59337.0	62118.0	64207.0	64945.0	66009.0	67155.0	70921.0	74464.0	78607.0	133895.0	1033742.0
Lle-CNas_054.clmp.fp2_repr.R1	2212.0	6958.0	8458.0	10971.0	13122.0	15182.0	18974.0	24928.0	33904.0	44314.0	57012.0	70089.0	82466.0	90993.0	97122.0	100072.0	100718.0	99864.0	98956.0	98896.0	100684.0	104654.0	109068.0	154914.0	1375958.0
Lle-CNas_054.clmp.fp2_repr.R2	2523.0	7564.0	9153.0	11313.0	12945.0	15028.0	18819.0	24823.0	33287.0	43780.0	56678.0	69570.0	82431.0	91151.0	97119.0	100290.0	101069.0	100210.0	99786.0	99776.0	101619.0	105375.0	109214.0	180196.0	1346770.0
Lle-CNas_055.clmp.fp2_repr.R1	938.0	2954.0	3425.0	4411.0	5782.0	6659.0	8564.0	11760.0	16517.0	21964.0	28961.0	36555.0	43657.0	49177.0	53813.0	56673.0	58233.0	59444.0	60170.0	60705.0	62080.0	64167.0	65696.0	93710.0	842238.0
Lle-CNas_055.clmp.fp2_repr.R2	1151.0	3468.0	3892.0	4829.0	5781.0	6676.0	8646.0	11788.0	16130.0	21670.0	28850.0	36556.0	43835.0	49297.0	53672.0	56703.0	58405.0	59785.0	60576.0	61090.0	62701.0	64733.0	65962.0	110071.0	821986.0
Lle-CNas_056.clmp.fp2_repr.R1	2854.0	7646.0	8981.0	11061.0	13453.0	15435.0	19517.0	26036.0	35447.0	47045.0	61240.0	74638.0	89014.0	100179.0	107260.0	112523.0	115077.0	115814.0	116910.0	119262.0	123473.0	133056.0	144630.0	243169.0	2591176.0
Lle-CNas_056.clmp.fp2_repr.R2	3297.0	9159.0	10582.0	12109.0	14061.0	15692.0	19954.0	26390.0	34849.0	46735.0	61165.0	74870.0	89281.0	100378.0	107891.0	112918.0	115779.0	116913.0	118063.0	120486.0	124854.0	134164.0	144786.0	287899.0	2532621.0
Lle-CNas_057.clmp.fp2_repr.R1	1226.0	3381.0	4037.0	5087.0	6387.0	7598.0	10011.0	14187.0	20226.0	27964.0	37106.0	46652.0	55843.0	62894.0	68123.0	70885.0	72355.0	73173.0	72943.0	75118.0	76773.0	79142.0	81041.0	114200.0	995233.0
Lle-CNas_057.clmp.fp2_repr.R2	1421.0	3869.0	4826.0	5485.0	6587.0	7693.0	10189.0	14331.0	19899.0	27765.0	36986.0	46571.0	55877.0	63092.0	68083.0	70924.0	72687.0	73673.0	73593.0	75568.0	77450.0	79561.0	81116.0	130784.0	973555.0
Lle-CNas_058.clmp.fp2_repr.R1	1218.0	3415.0	4172.0	5352.0	6681.0	8075.0	10226.0	14129.0	19767.0	26449.0	35057.0	44033.0	52542.0	59207.0	63633.0	66558.0	68682.0	69764.0	70421.0	71156.0	73423.0	76200.0	78241.0	111689.0	997617.0
Lle-CNas_058.clmp.fp2_repr.R2	1432.0	3886.0	4710.0	5886.0	6832.0	7963.0	10356.0	14264.0	19295.0	26135.0	35042.0	44013.0	52814.0	59424.0	63806.0	66530.0	68997.0	70276.0	70894.0	71573.0	73828.0	76654.0	78439.0	131495.0	973163.0
Lle-CNas_059.clmp.fp2_repr.R1	1215.0	3520.0	4202.0	5337.0	6635.0	7663.0	9655.0	12985.0	18454.0	24472.0	31816.0	40028.0	48286.0	54892.0	60094.0	64484.0	66675.0	67932.0	69861.0	71691.0	74553.0	79737.0	83399.0	125515.0	1205298.0
Lle-CNas_059.clmp.fp2_repr.R2	1644.0	4530.0	5343.0	6209.0	7105.0	7914.0	10017.0	13291.0	18252.0	24631.0	32010.0	40415.0	48610.0	55247.0	60469.0	64706.0	67054.0	68424.0	70333.0	72248.0	75262.0	80310.0	83300.0	153193.0	1167882.0
Lle-CNas_060.clmp.fp2_repr.R1	959.0	2650.0	3255.0	3912.0	4880.0	5797.0	7182.0	9626.0	13700.0	18249.0	24215.0	30497.0	36626.0	41958.0	45614.0	48733.0	50046.0	51287.0	52519.0	53695.0	55544.0	58065.0	59097.0	87067.0	773781.0
Lle-CNas_060.clmp.fp2_repr.R2	1123.0	3288.0	3798.0	4357.0	5100.0	5890.0	7273.0	9794.0	13552.0	18241.0	24291.0	30455.0	36645.0	42041.0	45822.0	48746.0	50191.0	51545.0	52834.0	54015.0	56122.0	58362.0	59259.0	100271.0	755939.0
Lle-CNas_061.clmp.fp2_repr.R1	736.0	2145.0	2537.0	3094.0	3830.0	4545.0	5475.0	7400.0	10277.0	13612.0	17191.0	20988.0	24582.0	27493.0	29707.0	30797.0	31672.0	32223.0	33029.0	34065.0	35071.0	36474.0	38121.0	59784.0	598034.0
Lle-CNas_061.clmp.fp2_repr.R2	825.0	2482.0	2932.0	3371.0	3857.0	4480.0	5553.0	7466.0	10179.0	13432.0	17245.0	21053.0	24627.0	27541.0	29733.0	30889.0	31637.0	32524.0	33268.0	34370.0	35329.0	36813.0	38247.0	70629.0	584400.0
Lle-CNas_062.clmp.fp2_repr.R1	833.0	2309.0	2655.0	3364.0	4266.0	5148.0	6981.0	9629.0	13870.0	19066.0	25736.0	31971.0	38045.0	42593.0	45401.0	47213.0	48549.0	48983.0	49524.0	50219.0	51780.0	53924.0	56753.0	81744.0	791665.0
Lle-CNas_062.clmp.fp2_repr.R2	1047.0	2876.0	3218.0	3712.0	4421.0	5228.0	7086.0	9767.0	13670.0	18989.0	25666.0	31996.0	38207.0	42778.0	45468.0	47408.0	48879.0	49314.0	49844.0	50519.0	52048.0	54375.0	56713.0	95128.0	773864.0
Lle-CNas_063.clmp.fp2_repr.R1	652.0	1893.0	2364.0	2948.0	3922.0	4688.0	6355.0	8742.0	12131.0	16707.0	21970.0	27914.0	33220.0	37314.0	40142.0	42495.0	43364.0	43295.0	42755.0	42934.0	42707.0	42197.0	42144.0	58547.0	522517.0
Lle-CNas_063.clmp.fp2_repr.R2	755.0	2051.0	2470.0	3022.0	3745.0	4537.0	6139.0	8455.0	11597.0	16378.0	21785.0	27703.0	33255.0	37296.0	40067.0	42589.0	43626.0	43389.0	42830.0	43268.0	42927.0	42592.0	42281.0	67245.0	513915.0
Lle-CNas_064.clmp.fp2_repr.R1	727.0	2059.0	2502.0	3161.0	3986.0	4638.0	5862.0	7783.0	10794.0	14373.0	19027.0	22980.0	27286.0	30394.0	33075.0	34487.0	35474.0	35804.0	36690.0	36953.0	38522.0	40262.0	41148.0	61328.0	607458.0
Lle-CNas_064.clmp.fp2_repr.R2	844.0	2421.0	2862.0	3483.0	4135.0	4571.0	6001.0	7912.0	10635.0	14331.0	19113.0	23005.0	27393.0	30581.0	33067.0	34494.0	35605.0	35998.0	36938.0	37113.0	38741.0	40452.0	41245.0	71459.0	594374.0
Lle-CNas_065.clmp.fp2_repr.R1	1236.0	3544.0	4320.0	5452.0	6783.0	8105.0	10088.0	13537.0	18771.0	24730.0	32580.0	40171.0	47823.0	53722.0	57750.0	61728.0	62978.0	63354.0	64731.0	66311.0	68761.0	73375.0	77544.0	116595.0	1138691.0
Lle-CNas_065.clmp.fp2_repr.R2	1431.0	4178.0	5003.0	5951.0	6817.0	8128.0	10155.0	13726.0	18478.0	24704.0	32655.0	40141.0	47925.0	54042.0	58116.0	61970.0	63287.0	63663.0	65255.0	66801.0	69387.0	73948.0	77541.0	135956.0	1113422.0
Lle-CNas_066.clmp.fp2_repr.R1	598.0	1676.0	1903.0	2530.0	3029.0	3548.0	4657.0	6397.0	8993.0	12134.0	15640.0	19662.0	23451.0	26227.0	28131.0	29884.0	31040.0	31378.0	31802.0	32810.0	33899.0	34846.0	36105.0	52999.0	512802.0
Lle-CNas_066.clmp.fp2_repr.R2	649.0	2019.0	2275.0	2737.0	3169.0	3650.0	4820.0	6467.0	9003.0	12173.0	15540.0	19624.0	23511.0	26404.0	28269.0	29907.0	31040.0	31443.0	32001.0	32860.0	34224.0	35022.0	36086.0	62382.0	500866.0
Lle-CNas_067.clmp.fp2_repr.R1	1039.0	3211.0	3997.0	4964.0	6399.0	7567.0	10049.0	13396.0	18924.0	25835.0	34020.0	41725.0	49502.0	56073.0	60869.0	63871.0	65307.0	66091.0	66509.0	67356.0	68658.0	70137.0	70749.0	100464.0	859269.0
Lle-CNas_067.clmp.fp2_repr.R2	1279.0	3795.0	4624.0	5479.0	6405.0	7571.0	10006.0	13375.0	18581.0	25557.0	33861.0	41678.0	49654.0	56295.0	61010.0	63872.0	65531.0	66605.0	67096.0	67828.0	69076.0	70744.0	71029.0	116907.0	838123.0
Lle-CNas_068.clmp.fp2_repr.R1	3215.0	8661.0	9958.0	11745.0	14531.0	16506.0	21056.0	28931.0	40877.0	56219.0	74448.0	94950.0	113874.0	129420.0	140599.0	146742.0	150752.0	150243.0	151025.0	152139.0	155494.0	167300.0	182966.0	312267.0	3328372.0
Lle-CNas_068.clmp.fp2_repr.R2	4014.0	10799.0	11998.0	13427.0	15291.0	17107.0	21730.0	29189.0	40421.0	55949.0	74439.0	95342.0	114524.0	129776.0	141187.0	147360.0	151782.0	151661.0	152369.0	153634.0	157287.0	168715.0	183223.0	363727.0	3257339.0
Lle-CNas_069.clmp.fp2_repr.R1	889.0	2351.0	2614.0	3266.0	4092.0	4855.0	6168.0	8600.0	12292.0	16634.0	22185.0	27888.0	33387.0	39002.0	42658.0	45644.0	47682.0	48482.0	49753.0	50917.0	51758.0	53188.0	54122.0	79214.0	715903.0
Lle-CNas_069.clmp.fp2_repr.R2	1039.0	2867.0	3187.0	3721.0	4385.0	4974.0	6281.0	8572.0	12103.0	16590.0	22105.0	27972.0	33502.0	39048.0	42769.0	45620.0	47986.0	48815.0	50118.0	51207.0	52027.0	53469.0	54273.0	90448.0	700466.0
Lle-CNas_070.clmp.fp2_repr.R1	1076.0	2939.0	3483.0	4385.0	5547.0	6535.0	8529.0	11733.0	16333.0	21774.0	28947.0	35872.0	42866.0	48928.0	52771.0	55837.0	57828.0	58659.0	59562.0	61325.0	62078.0	64348.0	65187.0	95743.0	866197.0
Lle-CNas_070.clmp.fp2_repr.R2	1234.0	3424.0	4101.0	4954.0	5761.0	6590.0	8703.0	11841.0	16151.0	21702.0	29018.0	35939.0	42924.0	48915.0	52975.0	55978.0	58082.0	58932.0	60188.0	61908.0	62516.0	64729.0	65191.0	111732.0	844994.0
Lle-CNas_071.clmp.fp2_repr.R1	1075.0	3032.0	3599.0	4537.0	5379.0	6350.0	7781.0	10853.0	14889.0	20021.0	25974.0	32521.0	38926.0	44282.0	47814.0	51196.0	53225.0	54055.0	55538.0	56630.0	59804.0	63100.0	67239.0	98887.0	975532.0
Lle-CNas_071.clmp.fp2_repr.R2	1335.0	3776.0	4540.0	5163.0	5751.0	6613.0	8195.0	11023.0	14865.0	20106.0	26197.0	32664.0	39288.0	44546.0	48220.0	51390.0	53450.0	54402.0	56027.0	57343.0	60262.0	63879.0	66926.0	124306.0	941972.0
Lle-CNas_072.clmp.fp2_repr.R1	1294.0	3795.0	4281.0	5220.0	6493.0	7305.0	9107.0	12242.0	16544.0	21762.0	28714.0	36250.0	43639.0	49295.0	54840.0	58894.0	60558.0	61879.0	63796.0	65991.0	68696.0	74221.0	78428.0	118127.0	1083384.0
Lle-CNas_072.clmp.fp2_repr.R2	1497.0	4153.0	4808.0	5662.0	6651.0	7227.0	9003.0	12129.0	15907.0	21442.0	28552.0	36347.0	43762.0	49337.0	54918.0	59098.0	60828.0	62241.0	64217.0	66544.0	69327.0	74807.0	78670.0	134694.0	1062934.0
Lle-CNas_073.clmp.fp2_repr.R1	1291.0	3570.0	4167.0	5338.0	6653.0	7426.0	9590.0	12526.0	17170.0	23145.0	30075.0	37322.0	44457.0	50505.0	54108.0	58211.0	59624.0	60785.0	62244.0	63724.0	66678.0	69827.0	73683.0	112711.0	1089896.0
Lle-CNas_073.clmp.fp2_repr.R2	1457.0	4220.0	4968.0	5785.0	6753.0	7568.0	9653.0	12663.0	16997.0	23066.0	30218.0	37509.0	44803.0	50605.0	54250.0	58312.0	60051.0	61333.0	62712.0	63920.0	67122.0	70406.0	73851.0	129351.0	1067153.0
Lle-CNas_074.clmp.fp2_repr.R1	1195.0	3358.0	4076.0	5063.0	6528.0	7406.0	9393.0	12894.0	18040.0	24102.0	31756.0	39802.0	47491.0	53860.0	57933.0	61835.0	63192.0	64239.0	65499.0	66326.0	68966.0	72221.0	73722.0	106998.0	962382.0
Lle-CNas_074.clmp.fp2_repr.R2	1333.0	3892.0	4624.0	5550.0	6544.0	7436.0	9542.0	13033.0	17627.0	23980.0	31640.0	39929.0	47627.0	53981.0	58329.0	62000.0	63461.0	64576.0	65888.0	66743.0	69572.0	72621.0	74014.0	120915.0	943420.0
Lle-CNas_075.clmp.fp2_repr.R1	1125.0	3455.0	4156.0	4975.0	6203.0	7407.0	9464.0	13063.0	18329.0	24296.0	31870.0	40666.0	48390.0	55361.0	60239.0	63960.0	65992.0	67559.0	67782.0	69985.0	71134.0	73955.0	76356.0	110854.0	989887.0
Lle-CNas_075.clmp.fp2_repr.R2	1414.0	4181.0	4932.0	5774.0	6592.0	7757.0	9613.0	13263.0	18038.0	24453.0	32221.0	40864.0	48733.0	55575.0	60410.0	64098.0	66353.0	68031.0	68311.0	70344.0	71945.0	74345.0	76106.0	129976.0	963134.0
Lle-CNas_076.clmp.fp2_repr.R1	1337.0	3723.0	4616.0	5585.0	6805.0	8083.0	10263.0	13952.0	19285.0	25706.0	33808.0	42460.0	50349.0	57210.0	61526.0	65069.0	66980.0	67600.0	69139.0	70654.0	73265.0	77339.0	80702.0	120958.0	1133831.0
Lle-CNas_076.clmp.fp2_repr.R2	1563.0	4364.0	5248.0	6038.0	7070.0	8243.0	10543.0	14014.0	18979.0	25668.0	33921.0	42643.0	50590.0	57382.0	61643.0	65126.0	67158.0	68145.0	69602.0	70936.0	73720.0	77827.0	80796.0	136791.0	1112235.0
Lle-CNas_077.clmp.fp2_repr.R1	1005.0	2768.0	3322.0	4168.0	5257.0	5916.0	7700.0	10288.0	14656.0	19552.0	25051.0	31736.0	37684.0	42843.0	46329.0	48528.0	49900.0	50814.0	52028.0	53370.0	54302.0	57402.0	58454.0	85405.0	810599.0
Lle-CNas_077.clmp.fp2_repr.R2	1107.0	3185.0	3757.0	4381.0	5264.0	5863.0	7688.0	10243.0	14246.0	19434.0	25149.0	31723.0	37568.0	42894.0	46463.0	48756.0	50092.0	51172.0	52589.0	53752.0	54822.0	57766.0	58415.0	99235.0	793513.0
Lle-CNas_078.clmp.fp2_repr.R1	1095.0	3129.0	3745.0	4883.0	6129.0	7363.0	9304.0	12820.0	17857.0	24313.0	32276.0	39951.0	48634.0	54385.0	58873.0	61804.0	63537.0	64264.0	65114.0	65759.0	68248.0	70129.0	71517.0	102599.0	870304.0
Lle-CNas_078.clmp.fp2_repr.R2	1254.0	3650.0	4258.0	5209.0	6041.0	7251.0	9239.0	12592.0	17511.0	24059.0	32070.0	39872.0	48636.0	54577.0	58984.0	61775.0	63881.0	64651.0	65476.0	66058.0	68827.0	70511.0	71728.0	116865.0	853057.0
Lle-CNas_079.clmp.fp2_repr.R1	1657.0	4571.0	5235.0	6656.0	8208.0	9805.0	13063.0	18160.0	25919.0	35616.0	46702.0	57468.0	67534.0	74733.0	78920.0	82216.0	82701.0	82021.0	81264.0	81768.0	83673.0	88435.0	94646.0	147663.0	1455899.0
Lle-CNas_079.clmp.fp2_repr.R2	1942.0	5256.0	6270.0	7284.0	8374.0	9871.0	13176.0	18111.0	25274.0	35393.0	46532.0	57646.0	67895.0	75048.0	79283.0	82470.0	82942.0	82428.0	81728.0	82264.0	84587.0	89290.0	94849.0	172239.0	1424381.0
Lle-CNas_080.clmp.fp2_repr.R1	1206.0	3467.0	3947.0	4588.0	5808.0	6623.0	8118.0	10875.0	14956.0	19851.0	25902.0	32475.0	38106.0	42933.0	46449.0	49451.0	50519.0	51565.0	52541.0	53390.0	56259.0	59780.0	62220.0	100164.0	997812.0
Lle-CNas_080.clmp.fp2_repr.R2	1358.0	3861.0	4544.0	5060.0	5860.0	6493.0	8056.0	10869.0	14658.0	19566.0	25998.0	32404.0	38241.0	43289.0	46577.0	49553.0	50845.0	52029.0	52879.0	53805.0	56858.0	60562.0	62414.0	114513.0	978713.0
Lle-CNas_081.clmp.fp2_repr.R1	1681.0	5008.0	5951.0	7336.0	9191.0	10527.0	13273.0	17790.0	25207.0	33185.0	43748.0	54455.0	64420.0	73554.0	79505.0	83994.0	86364.0	87759.0	88327.0	90283.0	92650.0	98235.0	102966.0	151860.0	1376024.0
Lle-CNas_081.clmp.fp2_repr.R2	2003.0	5753.0	6727.0	7853.0	9235.0	10557.0	13339.0	18002.0	24469.0	32681.0	43411.0	54383.0	64464.0	73663.0	79570.0	84417.0	86795.0	88335.0	88804.0	90959.0	93336.0	98694.0	103158.0	173232.0	1349453.0
Lle-CNas_082.clmp.fp2_repr.R1	1118.0	3166.0	3843.0	4756.0	5929.0	7027.0	8671.0	11842.0	16424.0	22012.0	29222.0	36086.0	42605.0	48223.0	52857.0	55443.0	57119.0	57877.0	59203.0	59587.0	62382.0	65341.0	67292.0	98068.0	895671.0
Lle-CNas_082.clmp.fp2_repr.R2	1295.0	3762.0	4412.0	5192.0	6134.0	7130.0	8653.0	12040.0	16105.0	22066.0	29225.0	36098.0	42624.0	48387.0	53023.0	55722.0	57331.0	58339.0	59455.0	59917.0	62958.0	65388.0	67403.0	110929.0	878176.0
Lle-CNas_083.clmp.fp2_repr.R1	1619.0	4740.0	5523.0	7082.0	8410.0	9846.0	11939.0	16155.0	21864.0	29216.0	38023.0	48095.0	57217.0	64383.0	70416.0	74384.0	76304.0	77541.0	79492.0	80931.0	84489.0	89576.0	95134.0	144935.0	1409584.0
Lle-CNas_083.clmp.fp2_repr.R2	2101.0	5925.0	6951.0	8088.0	8911.0	10144.0	12544.0	16633.0	21650.0	29458.0	38358.0	48443.0	57530.0	64861.0	70729.0	74999.0	76690.0	78317.0	80347.0	81536.0	85415.0	90175.0	94660.0	180173.0	1362260.0
Lle-CNas_084.clmp.fp2_repr.R1	1423.0	4048.0	4621.0	5678.0	7125.0	8399.0	10632.0	14767.0	21110.0	28996.0	38203.0	47126.0	56087.0	63013.0	66927.0	71299.0	72134.0	72427.0	72825.0	74056.0	75802.0	79926.0	83291.0	129517.0	1307164.0
Lle-CNas_084.clmp.fp2_repr.R2	1714.0	4867.0	5562.0	6377.0	7395.0	8640.0	10841.0	15123.0	20731.0	28907.0	38202.0	47386.0	56381.0	63274.0	67459.0	71387.0	72629.0	72932.0	73679.0	74893.0	76434.0	80704.0	83420.0	153016.0	1274643.0
Lle-CNas_085.clmp.fp2_repr.R1	1474.0	4205.0	5108.0	6311.0	7609.0	8977.0	11385.0	15181.0	21111.0	27854.0	36580.0	45914.0	54139.0	60871.0	66147.0	69225.0	71093.0	71609.0	72036.0	73748.0	76738.0	81114.0	86138.0	125198.0	1119312.0
Lle-CNas_085.clmp.fp2_repr.R2	1567.0	4645.0	5511.0	6581.0	7634.0	8987.0	11414.0	15124.0	20628.0	27621.0	36533.0	45813.0	54217.0	61043.0	66337.0	69314.0	71502.0	71909.0	72561.0	74366.0	77236.0	81663.0	86566.0	141068.0	1099237.0
Lle-CNas_086.clmp.fp2_repr.R1	1078.0	3006.0	3431.0	4425.0	5549.0	6452.0	8193.0	11115.0	15341.0	20484.0	27262.0	33906.0	40174.0	45079.0	48803.0	52006.0	53902.0	54280.0	55420.0	57055.0	58160.0	61300.0	63027.0	94123.0	887315.0
Lle-CNas_086.clmp.fp2_repr.R2	1235.0	3374.0	4090.0	4834.0	5662.0	6420.0	8232.0	11018.0	15249.0	20375.0	27194.0	33888.0	40292.0	45235.0	48972.0	52282.0	54002.0	54824.0	55704.0	57490.0	58491.0	61707.0	63035.0	108226.0	869055.0
Lle-CNas_087.clmp.fp2_repr.R1	1009.0	2836.0	3379.0	3992.0	5113.0	6117.0	7935.0	10675.0	15062.0	20613.0	27249.0	34128.0	41654.0	47890.0	52028.0	55529.0	57940.0	59239.0	60504.0	61977.0	63340.0	66525.0	67672.0	101107.0	940004.0
Lle-CNas_087.clmp.fp2_repr.R2	1351.0	3652.0	4199.0	4798.0	5429.0	6233.0	8300.0	11095.0	14991.0	20552.0	27470.0	34553.0	42074.0	48172.0	52492.0	55668.0	58299.0	59757.0	60795.0	62555.0	64072.0	66942.0	67805.0	122625.0	909638.0
Lle-CNas_088.clmp.fp2_repr.R1	1191.0	3395.0	4076.0	4779.0	6213.0	7115.0	8615.0	11601.0	15891.0	21008.0	27784.0	34261.0	40650.0	46067.0	49977.0	53058.0	54951.0	55832.0	57346.0	58960.0	61757.0	66594.0	70801.0	112127.0	1148049.0
Lle-CNas_088.clmp.fp2_repr.R2	1481.0	4043.0	4557.0	5335.0	6193.0	7067.0	8823.0	11690.0	15754.0	20991.0	27850.0	34277.0	40859.0	46091.0	50021.0	52882.0	55128.0	56315.0	57909.0	59610.0	62347.0	67187.0	70942.0	128470.0	1126276.0
Lle-CNas_089.clmp.fp2_repr.R1	1121.0	3074.0	3545.0	4430.0	5557.0	6273.0	7852.0	10553.0	14327.0	19451.0	25234.0	31564.0	37542.0	42567.0	46823.0	50249.0	51908.0	52849.0	54783.0	56024.0	58538.0	62036.0	64412.0	98422.0	954285.0
Lle-CNas_089.clmp.fp2_repr.R2	1273.0	3550.0	4114.0	4790.0	5649.0	6383.0	8174.0	10624.0	14090.0	19161.0	25311.0	31651.0	37697.0	42897.0	46967.0	50327.0	52130.0	53315.0	55284.0	56330.0	58956.0	62368.0	64360.0	110916.0	937102.0
Lle-CNas_090.clmp.fp2_repr.R1	1219.0	3749.0	4337.0	5256.0	6307.0	7360.0	8853.0	11724.0	15872.0	20537.0	26693.0	32415.0	38829.0	43287.0	46124.0	48736.0	50378.0	51300.0	51766.0	54083.0	56561.0	60258.0	64006.0	104358.0	1040972.0
Lle-CNas_090.clmp.fp2_repr.R2	1406.0	4305.0	4957.0	5818.0	6546.0	7364.0	9035.0	11869.0	15551.0	20345.0	26655.0	32286.0	38744.0	43150.0	46158.0	48928.0	50541.0	51534.0	52234.0	54729.0	57167.0	60961.0	64039.0	121135.0	1019523.0
Lle-CNas_091.clmp.fp2_repr.R1	963.0	2890.0	3264.0	4144.0	5157.0	5984.0	7461.0	9937.0	13753.0	18089.0	23289.0	29294.0	34552.0	38709.0	42002.0	44247.0	45266.0	46795.0	47991.0	48823.0	51314.0	53648.0	56828.0	89356.0	885428.0
Lle-CNas_091.clmp.fp2_repr.R2	1121.0	3300.0	3819.0	4570.0	5295.0	6015.0	7563.0	10135.0	13631.0	17881.0	23377.0	29432.0	34618.0	38928.0	42158.0	44305.0	45556.0	46908.0	48486.0	49460.0	51746.0	54332.0	56815.0	105976.0	863757.0
Lle-CNas_092.clmp.fp2_repr.R1	2870.0	7845.0	9085.0	11306.0	13918.0	16379.0	21026.0	28260.0	39328.0	52367.0	68391.0	84556.0	100471.0	111240.0	118645.0	123486.0	125905.0	125553.0	125698.0	126324.0	130075.0	138663.0	150347.0	250322.0	2586034.0
Lle-CNas_092.clmp.fp2_repr.R2	3363.0	9180.0	10635.0	12351.0	14245.0	16474.0	21310.0	28666.0	38637.0	52187.0	68380.0	84788.0	100746.0	111234.0	119316.0	123690.0	126526.0	126288.0	126871.0	127240.0	131431.0	139963.0	150656.0	290299.0	2533618.0
Lle-CNas_093.clmp.fp2_repr.R1	765.0	2097.0	2502.0	3307.0	4637.0	5421.0	7621.0	11405.0	16450.0	22436.0	30030.0	37665.0	44222.0	48454.0	51643.0	52230.0	52658.0	51798.0	51280.0	51255.0	50982.0	52445.0	53545.0	73802.0	594465.0
Lle-CNas_093.clmp.fp2_repr.R2	895.0	2548.0	2939.0	3512.0	4675.0	5352.0	7543.0	11396.0	15971.0	22321.0	29997.0	37689.0	44344.0	48600.0	51805.0	52479.0	52993.0	51959.0	51418.0	51641.0	51347.0	52852.0	53575.0	82736.0	582528.0
Lle-CNas_094.clmp.fp2_repr.R1	991.0	2955.0	3469.0	4314.0	5539.0	6665.0	8151.0	11479.0	16006.0	22064.0	29289.0	36459.0	43506.0	49392.0	53049.0	56937.0	58264.0	59715.0	60994.0	61696.0	64018.0	66390.0	69401.0	102702.0	968975.0
Lle-CNas_094.clmp.fp2_repr.R2	1242.0	3549.0	4146.0	4909.0	5718.0	6660.0	8423.0	11672.0	15911.0	21980.0	29276.0	36592.0	43613.0	49374.0	53507.0	57240.0	58634.0	60051.0	61343.0	62162.0	64445.0	66871.0	69423.0	119125.0	946554.0
Lle-CNas_095.clmp.fp2_repr.R1	2334.0	6659.0	7576.0	9372.0	11770.0	13730.0	17230.0	23258.0	32368.0	42564.0	55792.0	69091.0	82137.0	91406.0	98991.0	104382.0	107176.0	106990.0	109155.0	111203.0	115091.0	125061.0	137624.0	232060.0	2594066.0
Lle-CNas_095.clmp.fp2_repr.R2	3273.0	9150.0	10111.0	11622.0	13252.0	14800.0	18453.0	24549.0	32533.0	43126.0	56378.0	69756.0	83149.0	92334.0	99770.0	105467.0	108133.0	108183.0	110456.0	112632.0	116732.0	126395.0	137395.0	289004.0	2510433.0
Lle-CNas_096.clmp.fp2_repr.R1	2534.0	8134.0	9722.0	12022.0	14726.0	16941.0	20848.0	27798.0	37087.0	48677.0	62717.0	75973.0	88484.0	97627.0	102430.0	105456.0	105667.0	103857.0	102093.0	102849.0	103657.0	109524.0	117639.0	174403.0	1578734.0
Lle-CNas_096.clmp.fp2_repr.R2	2755.0	8667.0	10402.0	12499.0	14611.0	17059.0	20957.0	27497.0	36306.0	48339.0	62425.0	75804.0	88752.0	97741.0	102392.0	105552.0	106110.0	104673.0	102778.0	103499.0	104755.0	110336.0	118066.0	195433.0	1552191.0
