Sample	32	37	42	47	52	57	62	67	72	77	82	87	92	97	102	107	112	117	122	127	132	137	142	147	150
Lle-AHam_001.clmp.r1	1792.0	5707.0	9181.0	14050.0	19401.0	27558.0	37048.0	50562.0	67612.0	96050.0	133934.0	182167.0	224428.0	262483.0	277897.0	283850.0	273930.0	257780.0	234717.0	209854.0	184145.0	159929.0	138341.0	170428.0	493220.0
Lle-AHam_001.clmp.r2	1840.0	5831.0	9217.0	13823.0	19347.0	27305.0	36861.0	50272.0	67043.0	95259.0	133165.0	180659.0	222724.0	259499.0	274810.0	280334.0	270506.0	253685.0	231419.0	206484.0	181590.0	158595.0	138317.0	199725.0	497754.0
Lle-AHam_002.clmp.r1	1783.0	6830.0	11346.0	17402.0	24988.0	33692.0	44173.0	57261.0	74460.0	100028.0	133822.0	176932.0	210467.0	241768.0	248295.0	251218.0	240939.0	224780.0	209769.0	187146.0	169398.0	151303.0	133384.0	167778.0	535679.0
Lle-AHam_002.clmp.r2	1804.0	6897.0	11427.0	17354.0	24874.0	33519.0	43999.0	56983.0	74153.0	99387.0	133210.0	175773.0	208975.0	239851.0	245924.0	248314.0	238520.0	222357.0	207128.0	184585.0	166845.0	150858.0	133226.0	190818.0	537860.0
Lle-AHam_003.clmp.r1	4234.0	18407.0	30982.0	45533.0	58957.0	73833.0	90698.0	109578.0	135577.0	171099.0	217272.0	268579.0	306879.0	330042.0	333548.0	326464.0	308033.0	286823.0	264584.0	241468.0	217208.0	196481.0	174373.0	215702.0	685670.0
Lle-AHam_003.clmp.r2	4257.0	18395.0	30786.0	45269.0	58447.0	73130.0	90055.0	108882.0	134692.0	170108.0	216035.0	266966.0	304814.0	327287.0	330684.0	323339.0	304830.0	283959.0	261884.0	239431.0	216092.0	196528.0	175821.0	247027.0	683306.0
Lle-AHam_004.clmp.r1	4793.0	18568.0	30500.0	44487.0	59179.0	75024.0	92107.0	111686.0	135844.0	169633.0	213794.0	262956.0	303364.0	326541.0	333258.0	331137.0	314980.0	292453.0	266193.0	239922.0	212288.0	189506.0	164746.0	204909.0	587117.0
Lle-AHam_004.clmp.r2	4788.0	18631.0	30490.0	44401.0	59039.0	74573.0	91755.0	111052.0	135162.0	168363.0	212563.0	261361.0	300709.0	323129.0	329760.0	327185.0	310748.0	288432.0	262797.0	236428.0	209499.0	188810.0	164525.0	236301.0	594484.0
Lle-AHam_005.clmp.r1	3576.0	15254.0	26555.0	39971.0	54644.0	69011.0	84984.0	103606.0	126361.0	158790.0	202098.0	249214.0	287498.0	315030.0	322284.0	320006.0	305469.0	287798.0	260881.0	234118.0	204880.0	180379.0	152446.0	188227.0	523625.0
Lle-AHam_005.clmp.r2	3581.0	15268.0	26526.0	39908.0	54471.0	68610.0	84590.0	102925.0	125745.0	157965.0	200732.0	247417.0	285327.0	312116.0	318952.0	316075.0	301717.0	284210.0	257618.0	230697.0	202810.0	180148.0	153603.0	216212.0	529482.0
Lle-AHam_006.clmp.r1	8925.0	37887.0	59885.0	80848.0	97994.0	117160.0	135739.0	158021.0	185981.0	225967.0	276356.0	329209.0	367425.0	383968.0	379954.0	363843.0	338565.0	305411.0	273859.0	243829.0	216696.0	193753.0	169205.0	223946.0	633475.0
Lle-AHam_006.clmp.r2	8838.0	37713.0	59559.0	80339.0	97472.0	116345.0	134773.0	157139.0	184982.0	224697.0	274770.0	327169.0	365073.0	380358.0	376619.0	360502.0	334992.0	302623.0	272167.0	242345.0	216484.0	196138.0	171799.0	253791.0	631214.0
Lle-AHam_007.clmp.r1	1841.0	7835.0	13643.0	21714.0	31305.0	42459.0	55185.0	69865.0	88346.0	113177.0	144242.0	179223.0	206819.0	229004.0	234468.0	232093.0	222583.0	203173.0	182916.0	159622.0	140959.0	120596.0	102113.0	127433.0	351444.0
Lle-AHam_007.clmp.r2	1883.0	7862.0	13748.0	21751.0	31223.0	42294.0	54905.0	69589.0	88051.0	112624.0	143519.0	178230.0	205480.0	227047.0	231920.0	229781.0	220224.0	200608.0	181040.0	157532.0	139216.0	121155.0	103090.0	146565.0	352721.0
Lle-AHam_008.clmp.r1	2397.0	9696.0	16568.0	24499.0	32255.0	40892.0	50085.0	60544.0	73714.0	90903.0	112591.0	130448.0	143422.0	144857.0	140837.0	130048.0	118554.0	105226.0	92904.0	80305.0	69390.0	60859.0	53177.0	61709.0	185189.0
Lle-AHam_008.clmp.r2	2409.0	9774.0	16621.0	24464.0	32196.0	40708.0	49886.0	60396.0	73536.0	90609.0	112163.0	129924.0	142520.0	144061.0	139843.0	128894.0	117224.0	104347.0	92191.0	79638.0	69083.0	61775.0	53909.0	71773.0	183125.0
Lle-AHam_009.clmp.r1	2027.0	8653.0	15968.0	24794.0	35553.0	48626.0	64036.0	81628.0	104536.0	133633.0	171871.0	211468.0	241372.0	258068.0	260399.0	249355.0	229758.0	210143.0	186474.0	165354.0	146609.0	129941.0	113894.0	143284.0	418069.0
Lle-AHam_009.clmp.r2	2056.0	8713.0	16036.0	24818.0	35469.0	48500.0	63725.0	81201.0	103626.0	133121.0	171094.0	210166.0	239491.0	255629.0	258109.0	246705.0	226979.0	207761.0	184285.0	163554.0	145205.0	130316.0	114315.0	162340.0	422299.0
Lle-AHam_010.clmp.r1	3907.0	16381.0	27976.0	41702.0	56815.0	73601.0	93983.0	116462.0	144519.0	184252.0	234254.0	285995.0	330857.0	353396.0	359790.0	348541.0	329922.0	302538.0	275687.0	246445.0	218367.0	195659.0	173605.0	216764.0	653662.0
Lle-AHam_010.clmp.r2	3911.0	16420.0	27896.0	41522.0	56632.0	73239.0	93648.0	115926.0	143793.0	183199.0	232949.0	284424.0	328692.0	350850.0	356844.0	345068.0	326240.0	299848.0	273290.0	243638.0	216773.0	196799.0	175198.0	246484.0	651797.0
Lle-AHam_011.clmp.r1	984.0	2779.0	3473.0	4857.0	7927.0	13728.0	20719.0	28140.0	37096.0	50498.0	69246.0	92227.0	114844.0	131621.0	140943.0	141169.0	137807.0	131429.0	126098.0	116226.0	109066.0	101565.0	91022.0	119529.0	450567.0
Lle-AHam_011.clmp.r2	1026.0	2833.0	3535.0	4924.0	8001.0	13731.0	20623.0	28014.0	36914.0	50373.0	68972.0	91748.0	113761.0	130517.0	139854.0	139538.0	136045.0	129647.0	124412.0	114442.0	107709.0	100970.0	90693.0	137272.0	448006.0
Lle-AHam_012.clmp.r1	2198.0	6080.0	7550.0	9740.0	13093.0	19449.0	26600.0	36308.0	48209.0	67192.0	91148.0	123999.0	154231.0	178400.0	191584.0	199662.0	197569.0	189456.0	179278.0	168335.0	155645.0	144300.0	132091.0	173518.0	610457.0
Lle-AHam_012.clmp.r2	2231.0	6160.0	7659.0	9788.0	13009.0	19262.0	26413.0	36112.0	47954.0	66741.0	90496.0	123341.0	153176.0	176832.0	190032.0	197875.0	195379.0	186931.0	177275.0	166242.0	153397.0	143347.0	131994.0	196740.0	607706.0
Lle-AHam_013.clmp.r1	182.0	585.0	925.0	1342.0	1728.0	2409.0	3156.0	4371.0	6029.0	8392.0	11363.0	14800.0	18016.0	20129.0	21253.0	21499.0	20797.0	19524.0	18393.0	16898.0	15189.0	13873.0	13026.0	16001.0	67799.0
Lle-AHam_013.clmp.r2	175.0	584.0	930.0	1321.0	1728.0	2402.0	3167.0	4352.0	5993.0	8334.0	11293.0	14729.0	17927.0	20017.0	21147.0	21342.0	20604.0	19331.0	18229.0	16699.0	14962.0	13771.0	12940.0	17991.0	67711.0
Lle-AHam_014.clmp.r1	4406.0	17640.0	28482.0	41929.0	54613.0	69187.0	85146.0	103166.0	126295.0	159894.0	204351.0	252843.0	295897.0	326051.0	333943.0	335698.0	321100.0	300731.0	276222.0	250892.0	221632.0	196143.0	169580.0	208868.0	599534.0
Lle-AHam_014.clmp.r2	4454.0	17720.0	28575.0	41907.0	54407.0	68847.0	84649.0	102662.0	125681.0	158887.0	203081.0	251622.0	293622.0	323538.0	330906.0	331968.0	317819.0	297870.0	273188.0	247925.0	219543.0	196203.0	171232.0	238458.0	599479.0
Lle-AHam_015.clmp.r1	7211.0	28651.0	44222.0	60429.0	75095.0	93501.0	111956.0	131537.0	157938.0	194552.0	242678.0	293137.0	329095.0	346318.0	343906.0	329599.0	306516.0	277507.0	249693.0	222181.0	197178.0	174613.0	155209.0	197007.0	558526.0
Lle-AHam_015.clmp.r2	7189.0	28506.0	43907.0	59999.0	74630.0	92884.0	111309.0	130563.0	156931.0	193238.0	241245.0	291546.0	327018.0	343768.0	341359.0	326481.0	303698.0	275302.0	247720.0	220470.0	195865.0	176126.0	156554.0	224386.0	557561.0
Lle-AHam_016.clmp.r1	729.0	2052.0	2489.0	3257.0	4378.0	6112.0	8176.0	11484.0	16292.0	22849.0	32653.0	43792.0	55243.0	63531.0	69468.0	72247.0	72967.0	71040.0	68357.0	64332.0	62463.0	57667.0	53551.0	74450.0	316110.0
Lle-AHam_016.clmp.r2	714.0	2082.0	2494.0	3261.0	4371.0	6052.0	8100.0	11383.0	16178.0	22768.0	32453.0	43454.0	54840.0	63072.0	68813.0	71607.0	72140.0	70176.0	67350.0	63231.0	61435.0	57388.0	53601.0	86005.0	312721.0
Lle-AHam_017.clmp.r1	4428.0	15887.0	23712.0	33443.0	45189.0	59551.0	76840.0	96558.0	122743.0	160818.0	212090.0	272141.0	325139.0	369190.0	387634.0	395361.0	383395.0	368419.0	346872.0	319840.0	290308.0	264651.0	237152.0	301543.0	930622.0
Lle-AHam_017.clmp.r2	4508.0	15928.0	23835.0	33448.0	44938.0	59231.0	76387.0	95966.0	122015.0	159942.0	210433.0	270022.0	322502.0	365692.0	383016.0	390762.0	378181.0	363241.0	342194.0	314650.0	286092.0	263775.0	238074.0	349915.0	928779.0
Lle-AHam_018.clmp.r1	4067.0	15290.0	24110.0	35133.0	47536.0	62252.0	79648.0	99461.0	126168.0	162086.0	208865.0	261762.0	304848.0	332710.0	340157.0	338823.0	320195.0	294282.0	270786.0	241491.0	213453.0	191394.0	164053.0	207446.0	582927.0
Lle-AHam_018.clmp.r2	4130.0	15299.0	24099.0	35081.0	47334.0	61949.0	79112.0	98936.0	125701.0	161255.0	207724.0	260018.0	302517.0	329633.0	336977.0	335045.0	316789.0	291434.0	267906.0	238923.0	211285.0	191836.0	165291.0	234381.0	586288.0
Lle-AHam_019.clmp.r1	6132.0	27766.0	47711.0	67974.0	86611.0	105370.0	126082.0	145003.0	171443.0	204662.0	245843.0	283138.0	306975.0	307577.0	293326.0	267193.0	239335.0	205628.0	178766.0	150957.0	127763.0	107907.0	92684.0	127314.0	287754.0
Lle-AHam_019.clmp.r2	6112.0	27573.0	47466.0	67559.0	86115.0	104592.0	125328.0	144368.0	170604.0	203505.0	244552.0	282278.0	305185.0	305309.0	291514.0	265485.0	238082.0	205176.0	178636.0	151736.0	129269.0	111856.0	95518.0	138630.0	284466.0
Lle-AHam_020.clmp.r1	1282.0	5196.0	9208.0	14727.0	21744.0	29187.0	38907.0	50221.0	64721.0	86247.0	114569.0	148947.0	177282.0	198895.0	203607.0	198278.0	188321.0	168613.0	148980.0	131191.0	113204.0	98502.0	84468.0	101088.0	287201.0
Lle-AHam_020.clmp.r2	1292.0	5312.0	9300.0	14795.0	21846.0	29174.0	38710.0	49983.0	64524.0	85884.0	114183.0	147994.0	175970.0	197050.0	201015.0	196375.0	186173.0	165927.0	147247.0	129172.0	111710.0	98843.0	84724.0	116775.0	290608.0
Lle-AHam_021.clmp.r1	4333.0	17597.0	29949.0	43566.0	57363.0	73654.0	92441.0	112939.0	138604.0	173177.0	215847.0	257681.0	286997.0	296107.0	291600.0	273492.0	250190.0	226206.0	199109.0	171021.0	148883.0	127557.0	111112.0	140130.0	376475.0
Lle-AHam_021.clmp.r2	4375.0	17613.0	29856.0	43521.0	57059.0	73319.0	91950.0	112584.0	137957.0	172364.0	214858.0	256274.0	285770.0	294193.0	289271.0	271217.0	247877.0	224263.0	197606.0	170118.0	148498.0	129087.0	112576.0	156842.0	376982.0
Lle-AHam_022.clmp.r1	2369.0	9955.0	17695.0	27459.0	37391.0	48470.0	59814.0	72162.0	87902.0	110603.0	141413.0	171012.0	202097.0	223457.0	230581.0	233530.0	224954.0	214898.0	198603.0	179499.0	163087.0	145242.0	134756.0	169735.0	546367.0
Lle-AHam_022.clmp.r2	2400.0	9986.0	17799.0	27400.0	37292.0	48422.0	59632.0	71920.0	87537.0	109800.0	140360.0	169991.0	200662.0	221191.0	227888.0	231200.0	222221.0	212101.0	196108.0	176814.0	161513.0	145174.0	135303.0	193014.0	547323.0
Lle-AHam_023.clmp.r1	3481.0	11659.0	16622.0	23218.0	31663.0	43814.0	59249.0	72671.0	92436.0	121234.0	159505.0	203512.0	242791.0	273555.0	287825.0	286790.0	277153.0	260948.0	241305.0	218056.0	198442.0	181321.0	162807.0	213130.0	666872.0
Lle-AHam_023.clmp.r2	3556.0	11797.0	16708.0	23278.0	31598.0	43610.0	58826.0	72542.0	92098.0	120477.0	158570.0	202066.0	241399.0	271236.0	284910.0	283442.0	273394.0	256788.0	237637.0	215286.0	196205.0	181117.0	163882.0	246477.0	663160.0
Lle-AHam_024.clmp.r1	2042.0	5731.0	7559.0	10761.0	16477.0	25308.0	35842.0	46841.0	60746.0	81327.0	110325.0	145147.0	177775.0	202182.0	213215.0	215365.0	210901.0	202596.0	191822.0	181207.0	166048.0	159820.0	150552.0	213332.0	865560.0
Lle-AHam_024.clmp.r2	2112.0	5874.0	7719.0	10813.0	16526.0	25304.0	35612.0	46567.0	60454.0	81218.0	109798.0	144452.0	176350.0	200003.0	211176.0	212691.0	207877.0	199625.0	188660.0	177761.0	163240.0	158678.0	150158.0	248237.0	857576.0
Lle-AHam_025.clmp.r1	2147.0	6988.0	10557.0	14656.0	20750.0	30333.0	41290.0	52894.0	66996.0	86793.0	112190.0	141467.0	163859.0	178122.0	177881.0	173880.0	159843.0	144531.0	128436.0	112962.0	98868.0	88137.0	78739.0	93476.0	280861.0
Lle-AHam_025.clmp.r2	2158.0	7090.0	10566.0	14654.0	20733.0	30182.0	41092.0	52693.0	66718.0	86530.0	111474.0	140527.0	162670.0	176747.0	176240.0	172171.0	157910.0	142444.0	126823.0	111340.0	97543.0	88202.0	79038.0	109050.0	282061.0
Lle-AHam_026.clmp.r1	1843.0	8558.0	15925.0	24922.0	34811.0	44730.0	56904.0	69915.0	86354.0	108920.0	138274.0	166833.0	187860.0	198184.0	198749.0	187824.0	174440.0	159282.0	143177.0	125950.0	109338.0	96221.0	83627.0	98546.0	290127.0
Lle-AHam_026.clmp.r2	1857.0	8550.0	15895.0	24835.0	34643.0	44623.0	56625.0	69608.0	85910.0	108430.0	137616.0	165835.0	186934.0	196912.0	197362.0	186003.0	172680.0	157793.0	141850.0	124877.0	108453.0	96016.0	83713.0	112361.0	291933.0
Lle-AHam_027.clmp.r1	2732.0	12326.0	22169.0	34037.0	45304.0	57259.0	70278.0	84048.0	102139.0	126839.0	156232.0	185718.0	205514.0	211353.0	206640.0	195069.0	177943.0	159690.0	139280.0	122176.0	103790.0	89961.0	76822.0	89464.0	249631.0
Lle-AHam_027.clmp.r2	2723.0	12339.0	22173.0	34019.0	45087.0	57024.0	70108.0	83649.0	101608.0	126170.0	155467.0	184586.0	203879.0	209557.0	204799.0	192823.0	176131.0	157774.0	137861.0	120901.0	102973.0	90192.0	76764.0	102821.0	254986.0
Lle-AHam_028.clmp.r1	1386.0	6070.0	11611.0	17819.0	24945.0	31779.0	40385.0	49259.0	61377.0	77113.0	98386.0	119622.0	136350.0	143463.0	143828.0	136268.0	127266.0	115082.0	102231.0	89345.0	78635.0	67999.0	58818.0	66421.0	186094.0
Lle-AHam_028.clmp.r2	1388.0	6067.0	11578.0	17771.0	24852.0	31623.0	40138.0	49047.0	61145.0	76739.0	97763.0	118884.0	135541.0	142689.0	142840.0	135065.0	126370.0	114226.0	101320.0	88627.0	78057.0	68092.0	58855.0	74238.0	188637.0
Lle-AHam_029.clmp.r1	2665.0	10525.0	16826.0	24775.0	34453.0	45966.0	59529.0	73334.0	91646.0	117200.0	150834.0	189767.0	222222.0	240134.0	246352.0	238480.0	224113.0	208564.0	188736.0	172178.0	154014.0	139142.0	123625.0	155261.0	526258.0
Lle-AHam_029.clmp.r2	2662.0	10567.0	16875.0	24786.0	34335.0	45749.0	59244.0	73090.0	91297.0	116660.0	149915.0	188498.0	220203.0	237663.0	243562.0	235423.0	221275.0	205593.0	185849.0	169427.0	150837.0	138326.0	124047.0	183972.0	526744.0
Lle-AHam_030.clmp.r1	3326.0	12210.0	19624.0	29139.0	40283.0	53808.0	69482.0	86523.0	107863.0	138537.0	176776.0	220959.0	254974.0	279358.0	284199.0	275324.0	258455.0	235000.0	211034.0	189193.0	165318.0	142942.0	124253.0	155424.0	452147.0
Lle-AHam_030.clmp.r2	3380.0	12294.0	19762.0	29245.0	40281.0	53675.0	69171.0	86191.0	107432.0	138177.0	175936.0	219482.0	252328.0	275589.0	280673.0	271693.0	255022.0	231733.0	207806.0	186075.0	163386.0	142520.0	124431.0	182150.0	457719.0
Lle-AHam_031.clmp.r1	4202.0	16444.0	25772.0	37205.0	49548.0	62863.0	78591.0	96401.0	119555.0	153340.0	201880.0	258517.0	308311.0	347911.0	365153.0	369341.0	357184.0	332527.0	307672.0	280021.0	248679.0	226545.0	197715.0	254135.0	759734.0
Lle-AHam_031.clmp.r2	4277.0	16606.0	25887.0	37300.0	49423.0	62652.0	78179.0	95989.0	119145.0	152673.0	200731.0	256697.0	306025.0	344264.0	361238.0	364442.0	351544.0	327875.0	302989.0	274934.0	244510.0	225234.0	198712.0	293986.0	763934.0
Lle-AHam_032.clmp.r1	3738.0	16277.0	29116.0	44221.0	61091.0	78284.0	97222.0	118907.0	145979.0	182486.0	230216.0	277543.0	310477.0	326232.0	321090.0	301864.0	273001.0	242868.0	210724.0	181048.0	155928.0	132178.0	112438.0	140470.0	387527.0
Lle-AHam_032.clmp.r2	3792.0	16314.0	29009.0	44213.0	60972.0	77882.0	96881.0	118546.0	145428.0	181829.0	229204.0	276188.0	308799.0	324018.0	318364.0	299084.0	270548.0	240485.0	208338.0	179339.0	154890.0	133080.0	113818.0	158848.0	391056.0
Lle-CNas_001.clmp.r1	899.0	2574.0	3269.0	3897.0	4731.0	6245.0	8229.0	11600.0	16385.0	23085.0	31351.0	40665.0	49558.0	56718.0	62191.0	65935.0	68393.0	70086.0	71825.0	74387.0	77057.0	82530.0	88897.0	135883.0	1275734.0
Lle-CNas_001.clmp.r2	934.0	2611.0	3319.0	3947.0	4761.0	6264.0	8140.0	11518.0	16400.0	22989.0	31208.0	40409.0	49294.0	56244.0	61717.0	65302.0	67914.0	69317.0	71235.0	73681.0	76327.0	82429.0	89354.0	163040.0	1253770.0
Lle-CNas_002.clmp.r1	584.0	1845.0	2233.0	2904.0	3632.0	4707.0	6191.0	9035.0	13005.0	18010.0	24645.0	31452.0	38824.0	44680.0	48419.0	51487.0	54030.0	55348.0	57016.0	59000.0	61462.0	64291.0	66699.0	103525.0	955799.0
Lle-CNas_002.clmp.r2	594.0	1906.0	2256.0	2927.0	3678.0	4719.0	6143.0	8961.0	12968.0	18001.0	24621.0	31329.0	38596.0	44399.0	48026.0	51114.0	53596.0	54813.0	56531.0	58368.0	61022.0	64266.0	66979.0	123301.0	939709.0
Lle-CNas_003.clmp.r1	681.0	1932.0	2572.0	3314.0	4126.0	5450.0	7493.0	10654.0	15217.0	21668.0	29863.0	38954.0	47868.0	55398.0	61118.0	65184.0	68032.0	71061.0	73949.0	75369.0	78054.0	82258.0	86882.0	132436.0	1195762.0
Lle-CNas_003.clmp.r2	703.0	1995.0	2590.0	3350.0	4101.0	5417.0	7457.0	10536.0	15130.0	21580.0	29658.0	38674.0	47603.0	55139.0	60631.0	64653.0	67447.0	70262.0	73145.0	74535.0	77230.0	81978.0	87008.0	159011.0	1175462.0
Lle-CNas_004.clmp.r1	686.0	2147.0	2465.0	3275.0	4042.0	5296.0	7296.0	10738.0	15303.0	22166.0	30672.0	39962.0	49022.0	57249.0	63676.0	67849.0	72065.0	74337.0	78015.0	80462.0	83688.0	88860.0	94248.0	150930.0	1518180.0
Lle-CNas_004.clmp.r2	697.0	2155.0	2497.0	3276.0	4052.0	5310.0	7180.0	10673.0	15310.0	22184.0	30601.0	39733.0	48740.0	56887.0	63089.0	67399.0	71488.0	73617.0	77214.0	79609.0	82987.0	88984.0	94424.0	187595.0	1486928.0
Lle-CNas_005.clmp.r1	406.0	1265.0	1757.0	2174.0	2851.0	3591.0	4823.0	7035.0	10207.0	14307.0	18836.0	24146.0	28986.0	32700.0	35292.0	37633.0	39179.0	40530.0	42007.0	43300.0	44643.0	47697.0	50336.0	79579.0	809517.0
Lle-CNas_005.clmp.r2	418.0	1275.0	1755.0	2212.0	2853.0	3591.0	4806.0	7038.0	10181.0	14300.0	18843.0	24090.0	28784.0	32489.0	35054.0	37391.0	38900.0	40168.0	41582.0	42895.0	44158.0	47453.0	50347.0	97278.0	794936.0
Lle-CNas_006.clmp.r1	1505.0	4204.0	5662.0	8129.0	11475.0	16604.0	24671.0	37164.0	55472.0	78412.0	105289.0	133409.0	158413.0	175379.0	185086.0	187550.0	187291.0	183249.0	180541.0	177078.0	176155.0	181449.0	193540.0	303145.0	2634595.0
Lle-CNas_006.clmp.r2	1564.0	4303.0	5702.0	8112.0	11481.0	16540.0	24551.0	36881.0	55233.0	78169.0	104707.0	132731.0	157597.0	174197.0	183513.0	186073.0	185786.0	181419.0	178483.0	174941.0	174419.0	181834.0	194252.0	364424.0	2588555.0
Lle-CNas_007.clmp.r1	534.0	1477.0	1930.0	2707.0	3514.0	4820.0	7147.0	10531.0	15488.0	22248.0	30301.0	39613.0	47543.0	54807.0	59274.0	61697.0	63603.0	64833.0	67042.0	67598.0	69898.0	72168.0	76784.0	109997.0	965925.0
Lle-CNas_007.clmp.r2	553.0	1522.0	1978.0	2742.0	3489.0	4840.0	7138.0	10464.0	15409.0	22199.0	30170.0	39442.0	47301.0	54553.0	58784.0	61153.0	63082.0	64257.0	66389.0	66997.0	69117.0	72225.0	76428.0	129669.0	951578.0
Lle-CNas_008.clmp.r1	767.0	2474.0	3212.0	4041.0	4973.0	6315.0	8311.0	11934.0	16723.0	23346.0	30785.0	39245.0	47121.0	54383.0	58560.0	61374.0	63807.0	65312.0	66609.0	68290.0	70476.0	74604.0	77716.0	123102.0	1194432.0
Lle-CNas_008.clmp.r2	781.0	2515.0	3223.0	4061.0	4972.0	6258.0	8277.0	11820.0	16698.0	23293.0	30733.0	39154.0	46794.0	54055.0	58224.0	60928.0	63295.0	64833.0	66051.0	67534.0	69772.0	74483.0	77809.0	150668.0	1171681.0
Lle-CNas_009.clmp.r1	708.0	1992.0	2703.0	3817.0	5619.0	7700.0	11663.0	17040.0	25918.0	37028.0	49782.0	63751.0	76045.0	85482.0	91446.0	93955.0	94670.0	93950.0	94865.0	93902.0	94712.0	98212.0	102275.0	146762.0	1194185.0
Lle-CNas_009.clmp.r2	740.0	2030.0	2723.0	3785.0	5655.0	7683.0	11584.0	17027.0	25831.0	36917.0	49635.0	63343.0	75718.0	85086.0	90962.0	93296.0	93906.0	93179.0	93926.0	93055.0	93904.0	98181.0	102255.0	169074.0	1178687.0
Lle-CNas_010.clmp.r1	643.0	1758.0	2272.0	2769.0	3648.0	4980.0	6854.0	10196.0	14780.0	20899.0	28593.0	36431.0	45078.0	51977.0	56079.0	59221.0	61185.0	62130.0	64102.0	65401.0	67123.0	70892.0	74145.0	111050.0	979629.0
Lle-CNas_010.clmp.r2	654.0	1813.0	2274.0	2778.0	3662.0	4955.0	6854.0	10178.0	14716.0	20891.0	28429.0	36283.0	44850.0	51582.0	55670.0	58875.0	60631.0	61495.0	63457.0	64816.0	66680.0	70840.0	74361.0	128974.0	966117.0
Lle-CNas_011.clmp.r1	654.0	2057.0	2393.0	3057.0	3877.0	4803.0	6255.0	8934.0	13242.0	18297.0	24456.0	31528.0	38114.0	43289.0	47420.0	50404.0	51932.0	53410.0	55248.0	56711.0	59143.0	63199.0	66423.0	103594.0	993533.0
Lle-CNas_011.clmp.r2	678.0	2112.0	2427.0	3086.0	3816.0	4819.0	6208.0	8897.0	13230.0	18288.0	24386.0	31479.0	37913.0	42991.0	47235.0	50029.0	51483.0	52870.0	54779.0	56181.0	58522.0	63001.0	66751.0	124114.0	976678.0
Lle-CNas_012.clmp.r1	918.0	2473.0	2782.0	3617.0	4534.0	6373.0	9150.0	13785.0	20229.0	28477.0	38981.0	50226.0	60533.0	68984.0	74560.0	78316.0	80605.0	82313.0	83829.0	86245.0	89089.0	95209.0	104203.0	166753.0	1772522.0
Lle-CNas_012.clmp.r2	952.0	2554.0	2813.0	3641.0	4502.0	6392.0	9015.0	13751.0	20218.0	28462.0	38775.0	49910.0	60220.0	68525.0	74152.0	77576.0	79840.0	81495.0	82904.0	85316.0	88393.0	95300.0	104787.0	213366.0	1731847.0
Lle-CNas_013.clmp.r1	570.0	2105.0	2790.0	3674.0	4478.0	5711.0	7787.0	11094.0	15522.0	21864.0	28504.0	36773.0	43432.0	49078.0	53055.0	55081.0	56688.0	57334.0	58389.0	59643.0	61879.0	64857.0	67451.0	98622.0	891963.0
Lle-CNas_013.clmp.r2	576.0	2129.0	2824.0	3677.0	4456.0	5706.0	7728.0	11096.0	15508.0	21797.0	28366.0	36664.0	43210.0	48799.0	52799.0	54550.0	56202.0	56803.0	58050.0	59249.0	61284.0	64896.0	67530.0	116653.0	877792.0
Lle-CNas_014.clmp.r1	708.0	2028.0	2572.0	3629.0	4820.0	6807.0	10076.0	14766.0	22246.0	32486.0	44849.0	58717.0	71953.0	83851.0	91819.0	97028.0	101276.0	102823.0	104879.0	107042.0	109069.0	114131.0	120207.0	177954.0	1576871.0
Lle-CNas_014.clmp.r2	724.0	2118.0	2646.0	3636.0	4818.0	6824.0	9983.0	14699.0	22185.0	32465.0	44720.0	58478.0	71674.0	83306.0	91239.0	96302.0	100487.0	102173.0	103898.0	106235.0	108151.0	114104.0	120485.0	207098.0	1554159.0
Lle-CNas_015.clmp.r1	533.0	1731.0	2440.0	3520.0	4667.0	6253.0	8860.0	12927.0	18858.0	26897.0	36416.0	47477.0	58243.0	66951.0	73197.0	76406.0	78938.0	79754.0	81560.0	81801.0	83133.0	85712.0	88303.0	124727.0	946046.0
Lle-CNas_015.clmp.r2	542.0	1763.0	2475.0	3492.0	4672.0	6300.0	8815.0	12870.0	18777.0	26800.0	36205.0	47239.0	57920.0	66500.0	72536.0	75692.0	78110.0	78905.0	80690.0	80930.0	82397.0	85362.0	87843.0	145093.0	933422.0
Lle-CNas_016.clmp.r1	1020.0	3031.0	3821.0	5171.0	6808.0	9132.0	12580.0	18486.0	26846.0	37040.0	50157.0	63587.0	75805.0	85730.0	92158.0	95715.0	97773.0	98377.0	99039.0	100578.0	103779.0	108260.0	115039.0	170202.0	1420033.0
Lle-CNas_016.clmp.r2	1032.0	3093.0	3889.0	5224.0	6828.0	9059.0	12479.0	18469.0	26780.0	36915.0	50031.0	63258.0	75380.0	85182.0	91502.0	95015.0	96929.0	97384.0	98113.0	99649.0	102622.0	108137.0	115213.0	200534.0	1397450.0
Lle-CNas_017.clmp.r1	1755.0	5793.0	8939.0	13557.0	19191.0	26682.0	37863.0	54754.0	78326.0	108193.0	142391.0	176051.0	207345.0	225768.0	235155.0	234662.0	231254.0	223292.0	213441.0	204676.0	197229.0	198576.0	205191.0	290451.0	1931547.0
Lle-CNas_017.clmp.r2	1799.0	5912.0	9037.0	13561.0	19257.0	26657.0	37609.0	54624.0	78159.0	107736.0	141809.0	175149.0	205930.0	224019.0	233047.0	232519.0	229010.0	221072.0	211347.0	202604.0	195476.0	198625.0	205928.0	333318.0	1907878.0
Lle-CNas_018.clmp.r1	837.0	2654.0	3335.0	4481.0	5652.0	7260.0	10084.0	14232.0	20009.0	27911.0	36817.0	47501.0	57773.0	64578.0	69895.0	72652.0	74018.0	76127.0	77909.0	78469.0	81079.0	85292.0	89186.0	132600.0	1174451.0
Lle-CNas_018.clmp.r2	862.0	2694.0	3419.0	4563.0	5645.0	7294.0	10106.0	14112.0	19939.0	27865.0	36632.0	47226.0	57413.0	64330.0	69456.0	71982.0	73456.0	75537.0	77117.0	77727.0	80336.0	85234.0	89425.0	156629.0	1155803.0
Lle-CNas_019.clmp.r1	590.0	1876.0	2474.0	3091.0	3777.0	4682.0	6368.0	9264.0	13034.0	17782.0	23959.0	30436.0	36481.0	41676.0	45109.0	47516.0	48744.0	50199.0	51153.0	52822.0	53984.0	58062.0	60834.0	91961.0	863630.0
Lle-CNas_019.clmp.r2	608.0	1898.0	2485.0	3140.0	3831.0	4727.0	6366.0	9221.0	13013.0	17786.0	23877.0	30292.0	36249.0	41404.0	44804.0	47217.0	48401.0	49785.0	50682.0	52310.0	53555.0	57932.0	60948.0	111057.0	847916.0
Lle-CNas_020.clmp.r1	853.0	2356.0	3016.0	3750.0	4884.0	6093.0	8153.0	11552.0	16279.0	22869.0	30356.0	39187.0	47742.0	54417.0	59299.0	62842.0	64956.0	66283.0	69022.0	70417.0	73445.0	78139.0	84771.0	132721.0	1259756.0
Lle-CNas_020.clmp.r2	868.0	2399.0	3037.0	3751.0	4876.0	6092.0	8085.0	11469.0	16200.0	22847.0	30294.0	38984.0	47499.0	54018.0	58846.0	62407.0	64422.0	65643.0	68392.0	69740.0	72701.0	77861.0	84799.0	159558.0	1238370.0
Lle-CNas_021.clmp.r1	1319.0	3869.0	4881.0	6487.0	8666.0	11631.0	16340.0	23515.0	34195.0	47821.0	63640.0	80444.0	96081.0	110152.0	116934.0	121954.0	123895.0	124688.0	126477.0	126831.0	130801.0	137277.0	145293.0	231793.0	2171519.0
Lle-CNas_021.clmp.r2	1368.0	3911.0	4910.0	6510.0	8664.0	11602.0	16120.0	23393.0	34055.0	47512.0	63301.0	80100.0	95746.0	109453.0	116119.0	120982.0	122927.0	123382.0	125013.0	125462.0	129476.0	136865.0	145614.0	274336.0	2139682.0
Lle-CNas_022.clmp.r1	608.0	1965.0	2451.0	3430.0	4386.0	6166.0	8333.0	12468.0	17945.0	25614.0	34280.0	44910.0	54489.0	61755.0	67027.0	70969.0	72794.0	74079.0	75578.0	76772.0	78780.0	83017.0	87313.0	128923.0	1144187.0
Lle-CNas_022.clmp.r2	631.0	2028.0	2473.0	3409.0	4397.0	6138.0	8269.0	12386.0	17937.0	25620.0	34136.0	44799.0	54210.0	61360.0	66568.0	70288.0	72100.0	73456.0	74830.0	76157.0	78223.0	83064.0	87306.0	149429.0	1129025.0
Lle-CNas_023.clmp.r1	1090.0	3144.0	4008.0	5451.0	7430.0	10391.0	15022.0	22362.0	32686.0	45425.0	60456.0	76043.0	90286.0	101060.0	106922.0	109497.0	110638.0	110870.0	110930.0	111384.0	113669.0	118499.0	124917.0	190142.0	1874504.0
Lle-CNas_023.clmp.r2	1129.0	3214.0	4005.0	5413.0	7432.0	10365.0	14955.0	22184.0	32536.0	45219.0	60217.0	75704.0	89683.0	100370.0	106173.0	108588.0	109605.0	109974.0	109811.0	109870.0	112369.0	118177.0	124545.0	242050.0	1833238.0
Lle-CNas_024.clmp.r1	527.0	1683.0	2342.0	3026.0	3963.0	5381.0	7417.0	10946.0	15872.0	22822.0	30890.0	39952.0	49959.0	57020.0	62243.0	65686.0	68384.0	69689.0	70782.0	72572.0	74251.0	77520.0	79204.0	115831.0	969973.0
Lle-CNas_024.clmp.r2	552.0	1726.0	2357.0	3044.0	3994.0	5394.0	7357.0	10873.0	15809.0	22773.0	30739.0	39664.0	49752.0	56722.0	61886.0	65194.0	67780.0	69130.0	70395.0	72069.0	73308.0	77043.0	79359.0	132781.0	958234.0
Lle-CNas_025.clmp.r1	876.0	2615.0	3342.0	4114.0	5188.0	6629.0	9060.0	13021.0	18276.0	25748.0	34728.0	44710.0	53742.0	61532.0	66590.0	70306.0	72524.0	74218.0	76220.0	77528.0	80332.0	84566.0	89293.0	135906.0	1291068.0
Lle-CNas_025.clmp.r2	896.0	2671.0	3360.0	4164.0	5184.0	6656.0	8974.0	12894.0	18154.0	25670.0	34612.0	44577.0	53507.0	61256.0	66042.0	69696.0	72027.0	73541.0	75512.0	76743.0	79655.0	84596.0	89472.0	163762.0	1268511.0
Lle-CNas_026.clmp.r1	409.0	1224.0	1446.0	1832.0	2272.0	2954.0	3980.0	5614.0	7764.0	10945.0	14624.0	18496.0	21787.0	24697.0	26843.0	27756.0	28496.0	28640.0	29750.0	29623.0	29907.0	30792.0	31820.0	48394.0	442687.0
Lle-CNas_026.clmp.r2	420.0	1233.0	1441.0	1848.0	2246.0	2950.0	3932.0	5538.0	7747.0	10908.0	14576.0	18439.0	21677.0	24625.0	26697.0	27552.0	28333.0	28497.0	29447.0	29325.0	29642.0	30768.0	31839.0	57577.0	435495.0
Lle-CNas_027.clmp.r1	594.0	2023.0	2584.0	3160.0	4202.0	5209.0	7168.0	10434.0	14817.0	20790.0	27006.0	34803.0	41884.0	47781.0	51670.0	54536.0	56172.0	57824.0	58829.0	60091.0	61983.0	64753.0	68247.0	107117.0	1065946.0
Lle-CNas_027.clmp.r2	620.0	2065.0	2606.0	3162.0	4201.0	5208.0	7169.0	10342.0	14688.0	20788.0	27003.0	34695.0	41645.0	47470.0	51317.0	54116.0	55673.0	57254.0	58245.0	59500.0	61341.0	64630.0	68467.0	132124.0	1045294.0
Lle-CNas_028.clmp.r1	669.0	1944.0	2486.0	3385.0	4437.0	5737.0	8136.0	11872.0	17004.0	24499.0	33407.0	43806.0	53432.0	61880.0	68134.0	72289.0	74794.0	76680.0	79219.0	80003.0	82435.0	86128.0	89520.0	133914.0	1227951.0
Lle-CNas_028.clmp.r2	692.0	2039.0	2573.0	3446.0	4442.0	5737.0	8071.0	11799.0	16980.0	24470.0	33321.0	43570.0	53095.0	61467.0	67591.0	71715.0	74250.0	75816.0	78491.0	79263.0	81547.0	85882.0	89717.0	162073.0	1205714.0
Lle-CNas_029.clmp.r1	407.0	1154.0	1521.0	1979.0	2556.0	3617.0	4904.0	7180.0	10819.0	15211.0	20667.0	26757.0	33105.0	38551.0	41763.0	45154.0	46656.0	48528.0	49734.0	51022.0	51841.0	53835.0	56117.0	83644.0	737699.0
Lle-CNas_029.clmp.r2	421.0	1191.0	1555.0	2023.0	2592.0	3579.0	4880.0	7140.0	10789.0	15168.0	20569.0	26688.0	32882.0	38334.0	41530.0	44860.0	46261.0	48089.0	49226.0	50465.0	51398.0	53784.0	56063.0	97905.0	727029.0
Lle-CNas_030.clmp.r1	811.0	2415.0	2993.0	3778.0	5283.0	6788.0	9708.0	13820.0	20072.0	28583.0	38182.0	49134.0	59952.0	68106.0	74991.0	78181.0	81007.0	83185.0	84217.0	86261.0	89314.0	95478.0	101235.0	154054.0	1457536.0
Lle-CNas_030.clmp.r2	842.0	2470.0	2997.0	3816.0	5325.0	6795.0	9647.0	13706.0	20024.0	28591.0	37945.0	48967.0	59681.0	67617.0	74440.0	77488.0	80389.0	82320.0	83553.0	85377.0	88521.0	95479.0	101472.0	187831.0	1429791.0
Lle-CNas_031.clmp.r1	339.0	916.0	1147.0	1468.0	1841.0	2420.0	3469.0	4776.0	7033.0	10001.0	13927.0	18339.0	22961.0	26544.0	29433.0	31305.0	33038.0	33934.0	35427.0	35783.0	36405.0	37583.0	39194.0	58754.0	513855.0
Lle-CNas_031.clmp.r2	356.0	933.0	1172.0	1457.0	1842.0	2419.0	3450.0	4748.0	6987.0	9970.0	13911.0	18259.0	22907.0	26417.0	29180.0	31128.0	32752.0	33676.0	35155.0	35437.0	36040.0	37671.0	39335.0	68417.0	506273.0
Lle-CNas_032.clmp.r1	446.0	1507.0	1842.0	2448.0	3535.0	4569.0	6857.0	9941.0	14526.0	21251.0	28914.0	38363.0	46954.0	54467.0	58987.0	63402.0	66118.0	68580.0	69729.0	72136.0	73135.0	76299.0	78726.0	115381.0	1019808.0
Lle-CNas_032.clmp.r2	454.0	1551.0	1890.0	2483.0	3516.0	4537.0	6776.0	9948.0	14449.0	21210.0	28856.0	38197.0	46722.0	54173.0	58633.0	62875.0	65574.0	67997.0	69114.0	71340.0	72533.0	76149.0	78518.0	138129.0	1002297.0
Lle-CNas_033.clmp.r1	2058.0	6527.0	8612.0	10904.0	13773.0	18442.0	25587.0	36373.0	52083.0	71686.0	95390.0	120747.0	145179.0	162928.0	173987.0	180571.0	183364.0	183192.0	184255.0	183703.0	186102.0	196939.0	215511.0	352383.0	3254124.0
Lle-CNas_033.clmp.r2	2109.0	6637.0	8659.0	11029.0	13802.0	18418.0	25353.0	36108.0	51927.0	71519.0	95044.0	120175.0	144383.0	161913.0	172794.0	179205.0	181695.0	181462.0	182539.0	181748.0	184206.0	196395.0	215702.0	412109.0	3209489.0
Lle-CNas_034.clmp.r1	544.0	1482.0	1922.0	2395.0	3067.0	3876.0	5627.0	8113.0	11627.0	16967.0	22753.0	30639.0	37555.0	44002.0	48387.0	52434.0	55033.0	57424.0	59276.0	61849.0	64235.0	68659.0	71980.0	111887.0	1048289.0
Lle-CNas_034.clmp.r2	569.0	1516.0	1975.0	2438.0	3073.0	3856.0	5484.0	8081.0	11552.0	16898.0	22706.0	30401.0	37361.0	43751.0	48097.0	52085.0	54563.0	56942.0	58725.0	61238.0	63515.0	68605.0	71996.0	131627.0	1032968.0
Lle-CNas_035.clmp.r1	1086.0	2521.0	2504.0	2745.0	3065.0	4223.0	5742.0	8380.0	12066.0	17220.0	23849.0	31636.0	39914.0	47240.0	52957.0	58499.0	62867.0	66946.0	71156.0	75175.0	81434.0	89753.0	98878.0	189757.0	2333768.0
Lle-CNas_035.clmp.r2	1105.0	2545.0	2544.0	2758.0	3081.0	4188.0	5659.0	8302.0	11992.0	17199.0	23776.0	31464.0	39589.0	46752.0	52535.0	57942.0	62194.0	66068.0	70347.0	74222.0	80641.0	90436.0	99563.0	259458.0	2269021.0
Lle-CNas_036.clmp.r1	582.0	1668.0	2231.0	3096.0	4115.0	5616.0	8202.0	12073.0	17586.0	25141.0	34889.0	45474.0	56428.0	64644.0	71707.0	75730.0	78837.0	81220.0	83438.0	85466.0	88159.0	93766.0	99153.0	145741.0	1256396.0
Lle-CNas_036.clmp.r2	586.0	1698.0	2288.0	3056.0	4124.0	5566.0	8133.0	11933.0	17572.0	25167.0	34799.0	45287.0	56258.0	64328.0	71152.0	75128.0	78308.0	80519.0	82757.0	84501.0	87149.0	93494.0	99008.0	166654.0	1241893.0
Lle-CNas_037.clmp.r1	903.0	2375.0	2814.0	3727.0	5013.0	6905.0	10069.0	15137.0	22580.0	32366.0	43717.0	57254.0	68347.0	77490.0	83885.0	86701.0	89177.0	88732.0	90247.0	91454.0	93361.0	98749.0	105692.0	161122.0	1493651.0
Lle-CNas_037.clmp.r2	947.0	2434.0	2886.0	3746.0	4983.0	6884.0	9960.0	15071.0	22439.0	32297.0	43585.0	57033.0	67915.0	77114.0	83248.0	85998.0	88470.0	87930.0	89415.0	90473.0	92535.0	98705.0	105993.0	194596.0	1466811.0
Lle-CNas_038.clmp.r1	1479.0	4514.0	5891.0	7568.0	9505.0	12195.0	16554.0	23684.0	33071.0	45065.0	59793.0	75564.0	89581.0	101001.0	108630.0	111735.0	114186.0	114943.0	115495.0	115324.0	119429.0	126203.0	136453.0	220356.0	2127892.0
Lle-CNas_038.clmp.r2	1524.0	4636.0	5973.0	7654.0	9492.0	12201.0	16570.0	23616.0	32966.0	45009.0	59596.0	75217.0	89108.0	100324.0	108103.0	110809.0	113182.0	113874.0	114283.0	114198.0	118437.0	126275.0	137421.0	269424.0	2086219.0
Lle-CNas_039.clmp.r1	693.0	1791.0	2103.0	2526.0	3077.0	4067.0	5744.0	8154.0	11975.0	17348.0	23506.0	31377.0	38720.0	45249.0	50609.0	55129.0	58500.0	61940.0	64360.0	67023.0	71201.0	76177.0	81932.0	134181.0	1306971.0
Lle-CNas_039.clmp.r2	711.0	1843.0	2144.0	2559.0	3113.0	4014.0	5672.0	8117.0	11925.0	17298.0	23471.0	31159.0	38476.0	44853.0	50290.0	54641.0	58004.0	61211.0	63537.0	66360.0	70337.0	76215.0	82115.0	165900.0	1280388.0
Lle-CNas_040.clmp.r1	1421.0	5150.0	7466.0	10105.0	12269.0	15763.0	21002.0	28719.0	40054.0	53423.0	70710.0	87091.0	102190.0	112408.0	117915.0	119732.0	118576.0	116817.0	115830.0	113137.0	112314.0	115601.0	121934.0	171407.0	1328595.0
Lle-CNas_040.clmp.r2	1464.0	5214.0	7482.0	10161.0	12330.0	15644.0	20873.0	28609.0	40072.0	53389.0	70411.0	86779.0	101771.0	111744.0	117081.0	118820.0	117750.0	115849.0	114750.0	112123.0	111257.0	115715.0	121906.0	195594.0	1312841.0
Lle-CNas_041.clmp.r1	1340.0	4509.0	6292.0	8306.0	10544.0	13624.0	18560.0	26004.0	36443.0	49335.0	65015.0	81299.0	95619.0	105861.0	111398.0	114157.0	113883.0	112596.0	110788.0	109727.0	110655.0	114406.0	121484.0	176332.0	1405604.0
Lle-CNas_041.clmp.r2	1383.0	4609.0	6353.0	8353.0	10618.0	13633.0	18496.0	25826.0	36404.0	49186.0	64688.0	80975.0	95076.0	105266.0	110622.0	113147.0	113059.0	111565.0	109784.0	108667.0	109917.0	114441.0	121887.0	202674.0	1387152.0
Lle-CNas_042.clmp.r1	1706.0	4748.0	6023.0	7890.0	10488.0	13812.0	19980.0	29201.0	42788.0	60061.0	80945.0	103302.0	123471.0	138857.0	147589.0	152602.0	153587.0	153826.0	152602.0	150953.0	151754.0	158770.0	170618.0	269725.0	2293477.0
Lle-CNas_042.clmp.r2	1764.0	4844.0	6071.0	7958.0	10444.0	13761.0	19903.0	29003.0	42634.0	60018.0	80669.0	102920.0	122868.0	138058.0	146439.0	151402.0	152343.0	152218.0	150899.0	149152.0	150154.0	158625.0	171186.0	318867.0	2256575.0
Lle-CNas_043.clmp.r1	232.0	599.0	732.0	1020.0	1324.0	1812.0	2584.0	3793.0	5487.0	8005.0	10902.0	14300.0	17200.0	20370.0	22259.0	23495.0	24394.0	25118.0	25517.0	25592.0	25832.0	26270.0	26389.0	37863.0	320160.0
Lle-CNas_043.clmp.r2	247.0	615.0	740.0	1042.0	1334.0	1797.0	2544.0	3789.0	5485.0	7977.0	10863.0	14261.0	17105.0	20303.0	22090.0	23346.0	24288.0	24961.0	25300.0	25379.0	25748.0	26170.0	26526.0	43550.0	315789.0
Lle-CNas_044.clmp.r1	920.0	2764.0	3650.0	4876.0	6399.0	8201.0	11262.0	15976.0	22462.0	30886.0	41251.0	53077.0	62901.0	71995.0	75857.0	79601.0	81728.0	82563.0	83430.0	83787.0	85981.0	90104.0	93816.0	138203.0	1174770.0
Lle-CNas_044.clmp.r2	941.0	2780.0	3700.0	4913.0	6352.0	8125.0	11180.0	15847.0	22354.0	30805.0	41109.0	52842.0	62564.0	71566.0	75311.0	78876.0	80960.0	81818.0	82737.0	82926.0	85071.0	90058.0	93867.0	161914.0	1157844.0
Lle-CNas_045.clmp.r1	1411.0	3797.0	4593.0	5815.0	7563.0	9873.0	13691.0	20099.0	28588.0	40009.0	53519.0	69136.0	83297.0	95060.0	103550.0	107759.0	111365.0	111854.0	115086.0	117184.0	120446.0	128830.0	140316.0	233076.0	2388220.0
Lle-CNas_045.clmp.r2	1430.0	3877.0	4655.0	5855.0	7605.0	9838.0	13524.0	19990.0	28559.0	40078.0	53206.0	68705.0	82934.0	94467.0	102924.0	107012.0	110391.0	110868.0	114083.0	115865.0	119199.0	128789.0	140801.0	283243.0	2346239.0
Lle-CNas_046.clmp.r1	641.0	1755.0	2119.0	2652.0	3491.0	4623.0	6584.0	9625.0	13917.0	20033.0	27298.0	35846.0	43731.0	50401.0	55488.0	59671.0	62244.0	64732.0	66565.0	68562.0	71388.0	75581.0	79479.0	123908.0	1203771.0
Lle-CNas_046.clmp.r2	665.0	1785.0	2168.0	2656.0	3491.0	4572.0	6521.0	9579.0	13875.0	19990.0	27217.0	35706.0	43458.0	50020.0	55112.0	59131.0	61787.0	64206.0	65960.0	67809.0	70716.0	75729.0	79541.0	148561.0	1183850.0
Lle-CNas_047.clmp.r1	447.0	1155.0	1342.0	1693.0	2329.0	3230.0	5058.0	8123.0	12795.0	19599.0	27120.0	35576.0	44160.0	50767.0	55807.0	58681.0	60248.0	61483.0	62500.0	63981.0	64762.0	67192.0	67912.0	99809.0	866432.0
Lle-CNas_047.clmp.r2	469.0	1179.0	1376.0	1687.0	2335.0	3190.0	5038.0	8015.0	12733.0	19624.0	27034.0	35414.0	43926.0	50469.0	55444.0	58183.0	59651.0	60939.0	61700.0	63308.0	64039.0	67104.0	67964.0	123254.0	848126.0
Lle-CNas_048.clmp.r1	626.0	1806.0	2485.0	3222.0	4494.0	5817.0	8410.0	11879.0	17326.0	24467.0	33396.0	43451.0	53542.0	61164.0	67025.0	71154.0	73999.0	76258.0	77746.0	79427.0	82383.0	86171.0	89181.0	130343.0	1121368.0
Lle-CNas_048.clmp.r2	637.0	1859.0	2488.0	3277.0	4449.0	5760.0	8349.0	11854.0	17298.0	24408.0	33225.0	43252.0	53235.0	60793.0	66539.0	70515.0	73372.0	75684.0	76951.0	78734.0	81610.0	86074.0	89177.0	154816.0	1102784.0
Lle-CNas_049.clmp.r1	373.0	1107.0	1509.0	1854.0	2466.0	3339.0	4742.0	6821.0	10171.0	14676.0	19721.0	26389.0	32249.0	38568.0	42053.0	45441.0	48051.0	49778.0	52026.0	53652.0	55901.0	58092.0	60277.0	90132.0	841914.0
Lle-CNas_049.clmp.r2	389.0	1145.0	1523.0	1861.0	2454.0	3300.0	4650.0	6808.0	10144.0	14688.0	19653.0	26265.0	32167.0	38354.0	41739.0	45123.0	47699.0	49422.0	51525.0	53269.0	55399.0	58115.0	60428.0	107471.0	827711.0
Lle-CNas_050.clmp.r1	609.0	1762.0	2261.0	3178.0	4082.0	5752.0	8028.0	11609.0	17034.0	23733.0	32981.0	42858.0	52194.0	60824.0	66124.0	69977.0	72259.0	74665.0	76345.0	77837.0	80678.0	84491.0	87397.0	130217.0	1138028.0
Lle-CNas_050.clmp.r2	636.0	1820.0	2310.0	3222.0	4105.0	5772.0	8001.0	11553.0	16974.0	23719.0	32874.0	42598.0	51935.0	60415.0	65645.0	69420.0	71807.0	74074.0	75578.0	77197.0	79952.0	84439.0	87314.0	153374.0	1120189.0
Lle-CNas_051.clmp.r1	476.0	1299.0	1576.0	1970.0	2655.0	3350.0	4779.0	6817.0	10136.0	14648.0	20549.0	27896.0	35000.0	41158.0	46022.0	49827.0	52838.0	55849.0	58521.0	60733.0	63415.0	68178.0	71720.0	114464.0	1097775.0
Lle-CNas_051.clmp.r2	498.0	1339.0	1561.0	1973.0	2610.0	3307.0	4722.0	6746.0	10104.0	14631.0	20462.0	27716.0	34860.0	40897.0	45734.0	49583.0	52336.0	55257.0	57969.0	60204.0	62736.0	68077.0	71378.0	137858.0	1079093.0
Lle-CNas_052.clmp.r1	326.0	763.0	901.0	1196.0	1604.0	2284.0	3420.0	5264.0	8243.0	12076.0	16740.0	21832.0	26421.0	30001.0	32866.0	34449.0	35098.0	35651.0	36234.0	37012.0	36417.0	37934.0	38400.0	58416.0	518203.0
Lle-CNas_052.clmp.r2	338.0	778.0	886.0	1167.0	1590.0	2239.0	3397.0	5243.0	8197.0	12082.0	16712.0	21677.0	26254.0	29863.0	32710.0	34204.0	34744.0	35232.0	35865.0	36749.0	36125.0	37910.0	38560.0	69969.0	509260.0
Lle-CNas_053.clmp.r1	767.0	2563.0	3364.0	4138.0	5044.0	6657.0	8907.0	12467.0	17902.0	24991.0	33650.0	43533.0	53381.0	60909.0	66194.0	69373.0	72087.0	73854.0	75640.0	77053.0	80919.0	84941.0	91043.0	133085.0	1212294.0
Lle-CNas_053.clmp.r2	796.0	2584.0	3402.0	4170.0	4993.0	6608.0	8831.0	12328.0	17814.0	25024.0	33643.0	43275.0	52964.0	60492.0	65866.0	68873.0	71480.0	73204.0	74958.0	76403.0	80289.0	84907.0	91152.0	156506.0	1194194.0
Lle-CNas_054.clmp.r1	1633.0	5384.0	6831.0	9095.0	10982.0	13686.0	18104.0	24765.0	34603.0	46705.0	61536.0	77807.0	93670.0	105548.0	112761.0	116342.0	117980.0	118219.0	118476.0	118735.0	119703.0	125213.0	131745.0	198598.0	1626066.0
Lle-CNas_054.clmp.r2	1668.0	5437.0	6872.0	9079.0	10923.0	13718.0	17950.0	24644.0	34480.0	46653.0	61341.0	77255.0	93084.0	104830.0	111877.0	115447.0	116919.0	117154.0	117381.0	117513.0	118841.0	125228.0	131930.0	232314.0	1601649.0
Lle-CNas_055.clmp.r1	460.0	1603.0	2063.0	2920.0	3863.0	5254.0	7366.0	10655.0	15600.0	21930.0	29824.0	39192.0	47801.0	54689.0	60390.0	63532.0	65674.0	67871.0	69476.0	70205.0	71753.0	74576.0	77177.0	113055.0	983603.0
Lle-CNas_055.clmp.r2	460.0	1635.0	2088.0	2915.0	3809.0	5260.0	7347.0	10650.0	15539.0	21863.0	29752.0	38988.0	47530.0	54380.0	59923.0	62924.0	65165.0	67373.0	68680.0	69446.0	71138.0	74622.0	77429.0	133551.0	968065.0
Lle-CNas_056.clmp.r1	1777.0	4761.0	5473.0	6834.0	8743.0	11470.0	16101.0	22824.0	32937.0	46263.0	62620.0	79494.0	97204.0	111546.0	121045.0	127049.0	131593.0	134313.0	137336.0	140951.0	145787.0	157919.0	174027.0	297473.0	3052573.0
Lle-CNas_056.clmp.r2	1820.0	4876.0	5507.0	6920.0	8792.0	11394.0	15864.0	22649.0	32793.0	46110.0	62396.0	79099.0	96541.0	110767.0	120160.0	125987.0	130152.0	132972.0	135967.0	139410.0	144209.0	157484.0	174247.0	362446.0	2999551.0
Lle-CNas_057.clmp.r1	566.0	1614.0	2222.0	3005.0	4107.0	5723.0	8373.0	12805.0	19074.0	27976.0	38255.0	49793.0	60886.0	69613.0	76009.0	79247.0	81459.0	83487.0	83904.0	86256.0	88060.0	91340.0	94366.0	135421.0	1152312.0
Lle-CNas_057.clmp.r2	576.0	1663.0	2230.0	3034.0	4119.0	5689.0	8359.0	12763.0	19010.0	27917.0	38070.0	49549.0	60569.0	69181.0	75463.0	78661.0	80780.0	82896.0	83202.0	85571.0	87259.0	91286.0	94488.0	158516.0	1135022.0
Lle-CNas_058.clmp.r1	660.0	1866.0	2687.0	3610.0	4656.0	6458.0	8850.0	12907.0	18795.0	26642.0	36515.0	47286.0	57820.0	66352.0	72015.0	75099.0	78124.0	80333.0	81615.0	82691.0	85277.0	88786.0	92553.0	135285.0	1165236.0
Lle-CNas_058.clmp.r2	664.0	1939.0	2713.0	3664.0	4703.0	6369.0	8806.0	12894.0	18763.0	26518.0	36321.0	47068.0	57496.0	66026.0	71506.0	74349.0	77502.0	79691.0	80780.0	81897.0	84414.0	88701.0	92805.0	160240.0	1146289.0
Lle-CNas_059.clmp.r1	649.0	2020.0	2579.0	3430.0	4327.0	5757.0	7838.0	11305.0	16950.0	24006.0	32383.0	42293.0	52471.0	60600.0	66920.0	71606.0	74535.0	77491.0	80200.0	82245.0	85542.0	91703.0	97305.0	146915.0	1391210.0
Lle-CNas_059.clmp.r2	678.0	2025.0	2582.0	3487.0	4286.0	5716.0	7792.0	11244.0	16889.0	23981.0	32329.0	42138.0	52158.0	60111.0	66371.0	71075.0	73984.0	76673.0	79281.0	81402.0	84760.0	91382.0	97331.0	181248.0	1363357.0
Lle-CNas_060.clmp.r1	487.0	1397.0	1885.0	2481.0	3211.0	4313.0	5903.0	8452.0	12799.0	18052.0	24717.0	32427.0	39715.0	46480.0	50753.0	54297.0	56383.0	58592.0	60014.0	61889.0	63919.0	67036.0	69061.0	102867.0	897281.0
Lle-CNas_060.clmp.r2	512.0	1421.0	1928.0	2494.0	3247.0	4265.0	5809.0	8410.0	12734.0	18070.0	24646.0	32180.0	39425.0	46201.0	50501.0	53776.0	55791.0	57976.0	59445.0	61134.0	63255.0	66928.0	69254.0	123365.0	881644.0
Lle-CNas_061.clmp.r1	464.0	1384.0	1785.0	2247.0	2684.0	3526.0	4788.0	6724.0	9617.0	13374.0	17498.0	22118.0	26384.0	30032.0	32601.0	33854.0	35100.0	36143.0	37279.0	38703.0	39776.0	41717.0	44196.0	68164.0	692691.0
Lle-CNas_061.clmp.r2	460.0	1407.0	1792.0	2263.0	2734.0	3530.0	4743.0	6707.0	9655.0	13344.0	17425.0	21979.0	26193.0	29838.0	32442.0	33640.0	34850.0	35859.0	37027.0	38303.0	39473.0	41796.0	44311.0	83180.0	679898.0
Lle-CNas_062.clmp.r1	504.0	1410.0	1579.0	2108.0	2755.0	3989.0	5877.0	8790.0	13167.0	19146.0	26541.0	34232.0	41384.0	47327.0	50797.0	52956.0	54862.0	56243.0	56940.0	58014.0	59579.0	62571.0	66256.0	98126.0	919374.0
Lle-CNas_062.clmp.r2	523.0	1435.0	1643.0	2108.0	2719.0	3961.0	5820.0	8744.0	13153.0	19063.0	26432.0	34101.0	41199.0	47025.0	50374.0	52610.0	54491.0	55685.0	56482.0	57488.0	58990.0	62565.0	66556.0	117339.0	904021.0
Lle-CNas_063.clmp.r1	351.0	966.0	1347.0	1812.0	2567.0	3526.0	5162.0	7641.0	11119.0	16197.0	22039.0	29122.0	35565.0	40547.0	43821.0	46636.0	48048.0	48505.0	48563.0	49119.0	48913.0	49071.0	49644.0	68965.0	611825.0
Lle-CNas_063.clmp.r2	364.0	982.0	1330.0	1806.0	2555.0	3512.0	5139.0	7614.0	11027.0	16165.0	21969.0	29000.0	35362.0	40264.0	43585.0	46271.0	47789.0	48038.0	48048.0	48585.0	48445.0	48918.0	49418.0	80951.0	603934.0
Lle-CNas_064.clmp.r1	479.0	1340.0	1742.0	2276.0	2927.0	3704.0	5148.0	7307.0	10417.0	14575.0	19764.0	24729.0	29861.0	33694.0	37030.0	38390.0	39980.0	40955.0	42075.0	42500.0	44343.0	46675.0	48338.0	74198.0	708011.0
Lle-CNas_064.clmp.r2	491.0	1372.0	1794.0	2288.0	2928.0	3642.0	5084.0	7282.0	10416.0	14529.0	19715.0	24596.0	29681.0	33594.0	36726.0	38052.0	39716.0	40644.0	41772.0	42134.0	43881.0	46659.0	48415.0	89560.0	695487.0
Lle-CNas_065.clmp.r1	723.0	2171.0	2846.0	3756.0	4843.0	6448.0	8716.0	12438.0	17901.0	24897.0	33675.0	43113.0	52428.0	59935.0	65046.0	69507.0	71438.0	72879.0	75280.0	77130.0	79685.0	85447.0	91009.0	138755.0	1320122.0
Lle-CNas_065.clmp.r2	729.0	2206.0	2905.0	3803.0	4794.0	6459.0	8666.0	12419.0	17866.0	24855.0	33696.0	43019.0	52059.0	59563.0	64654.0	68956.0	70861.0	72072.0	74548.0	76491.0	79088.0	85357.0	90936.0	165764.0	1298422.0
Lle-CNas_066.clmp.r1	321.0	1040.0	1230.0	1710.0	2147.0	2827.0	4088.0	5845.0	8655.0	12232.0	16135.0	20937.0	25354.0	28750.0	31303.0	33118.0	34628.0	35409.0	36061.0	37332.0	38541.0	40061.0	41718.0	62733.0	593955.0
Lle-CNas_066.clmp.r2	328.0	1036.0	1263.0	1737.0	2140.0	2799.0	4030.0	5869.0	8640.0	12187.0	16064.0	20796.0	25258.0	28626.0	31128.0	32842.0	34384.0	35112.0	35701.0	36983.0	38203.0	39996.0	41826.0	76163.0	583019.0
Lle-CNas_067.clmp.r1	527.0	1712.0	2314.0	3202.0	4331.0	5876.0	8522.0	12151.0	17992.0	25632.0	34819.0	44227.0	53842.0	61671.0	67710.0	71010.0	73006.0	75275.0	75937.0	77330.0	78830.0	80786.0	82707.0	119294.0	998110.0
Lle-CNas_067.clmp.r2	555.0	1776.0	2357.0	3259.0	4336.0	5858.0	8479.0	12082.0	17920.0	25588.0	34649.0	44044.0	53585.0	61444.0	67247.0	70494.0	72336.0	74576.0	75287.0	76644.0	78131.0	80749.0	83020.0	141104.0	981293.0
Lle-CNas_068.clmp.r1	1937.0	4717.0	5297.0	6142.0	8228.0	11112.0	16095.0	24615.0	37150.0	54650.0	75479.0	100662.0	123715.0	143345.0	157228.0	164939.0	171309.0	173606.0	176218.0	178684.0	182849.0	197653.0	218351.0	377998.0	3875724.0
Lle-CNas_068.clmp.r2	2001.0	4857.0	5370.0	6289.0	8223.0	11027.0	15850.0	24393.0	37056.0	54501.0	75139.0	100085.0	122984.0	142510.0	156174.0	163748.0	169819.0	171943.0	174292.0	176774.0	181013.0	197253.0	218854.0	459169.0	3808379.0
Lle-CNas_069.clmp.r1	400.0	1117.0	1350.0	1836.0	2431.0	3336.0	4929.0	7374.0	11236.0	16162.0	22361.0	29315.0	35829.0	42674.0	47280.0	50530.0	53502.0	54894.0	56627.0	58413.0	59460.0	61300.0	63442.0	94041.0	835197.0
Lle-CNas_069.clmp.r2	418.0	1141.0	1375.0	1859.0	2416.0	3348.0	4875.0	7283.0	11209.0	16138.0	22303.0	29251.0	35667.0	42405.0	46951.0	50197.0	53099.0	54456.0	56182.0	57849.0	58759.0	61022.0	63635.0	111402.0	821796.0
Lle-CNas_070.clmp.r1	611.0	1640.0	2161.0	2805.0	3709.0	5038.0	7179.0	10514.0	15422.0	21581.0	29557.0	38101.0	46570.0	53806.0	58756.0	62143.0	64898.0	66963.0	68513.0	70516.0	71227.0	74787.0	76838.0	114755.0	1012632.0
Lle-CNas_070.clmp.r2	623.0	1658.0	2204.0	2849.0	3701.0	4949.0	7103.0	10443.0	15387.0	21553.0	29459.0	37927.0	46296.0	53514.0	58334.0	61694.0	64283.0	66250.0	68013.0	69871.0	70515.0	74651.0	76971.0	136248.0	996226.0
Lle-CNas_071.clmp.r1	651.0	1815.0	2432.0	2994.0	3665.0	4832.0	6591.0	9827.0	13946.0	19989.0	26788.0	34820.0	42819.0	49395.0	53674.0	57434.0	60413.0	62074.0	64277.0	66083.0	69027.0	73413.0	79002.0	118492.0	1131700.0
Lle-CNas_071.clmp.r2	660.0	1846.0	2466.0	3022.0	3666.0	4823.0	6556.0	9735.0	13941.0	19979.0	26693.0	34576.0	42577.0	49057.0	53228.0	56985.0	59939.0	61589.0	63593.0	65501.0	68342.0	73494.0	79030.0	147067.0	1107788.0
Lle-CNas_072.clmp.r1	659.0	1999.0	2538.0	3341.0	4153.0	5353.0	7212.0	10707.0	15103.0	21302.0	29335.0	38817.0	47928.0	55092.0	62103.0	66283.0	68749.0	71513.0	74190.0	76965.0	80012.0	86667.0	92304.0	141115.0	1260836.0
Lle-CNas_072.clmp.r2	677.0	2050.0	2518.0	3340.0	4116.0	5327.0	7148.0	10575.0	14974.0	21226.0	29277.0	38620.0	47656.0	54776.0	61686.0	65749.0	68196.0	70792.0	73487.0	76138.0	79288.0	86376.0	92417.0	167117.0	1240750.0
Lle-CNas_073.clmp.r1	757.0	2208.0	2775.0	3611.0	4574.0	5783.0	8142.0	11351.0	16230.0	23059.0	30991.0	39738.0	48645.0	56265.0	60627.0	65120.0	67298.0	69632.0	71980.0	73842.0	77149.0	81032.0	86397.0	133014.0	1266185.0
Lle-CNas_073.clmp.r2	765.0	2250.0	2781.0	3600.0	4580.0	5781.0	8098.0	11292.0	16203.0	23045.0	30892.0	39612.0	48387.0	55828.0	60110.0	64592.0	66810.0	69111.0	71267.0	72985.0	76420.0	81026.0	86763.0	158569.0	1245638.0
Lle-CNas_074.clmp.r1	639.0	1849.0	2489.0	3309.0	4329.0	5728.0	8059.0	11680.0	17102.0	24163.0	32814.0	42768.0	52203.0	60325.0	65528.0	69532.0	71885.0	73921.0	75853.0	77071.0	79923.0	84146.0	86818.0	128441.0	1121959.0
Lle-CNas_074.clmp.r2	654.0	1895.0	2502.0	3330.0	4348.0	5672.0	8048.0	11689.0	17056.0	24100.0	32833.0	42613.0	51975.0	59934.0	65125.0	69063.0	71332.0	73320.0	74970.0	76317.0	79207.0	83981.0	87205.0	150802.0	1104563.0
Lle-CNas_075.clmp.r1	768.0	2049.0	2590.0	3236.0	4196.0	5735.0	7910.0	11785.0	17155.0	24426.0	33107.0	43801.0	53300.0	61765.0	68189.0	71957.0	75343.0	77804.0	79246.0	81791.0	83056.0	86745.0	90862.0	135524.0	1167794.0
Lle-CNas_075.clmp.r2	783.0	2072.0	2613.0	3256.0	4216.0	5730.0	7848.0	11757.0	17149.0	24431.0	32965.0	43644.0	52915.0	61273.0	67703.0	71374.0	74576.0	77070.0	78356.0	80903.0	82339.0	86485.0	90960.0	163129.0	1146587.0
Lle-CNas_076.clmp.r1	766.0	2102.0	2786.0	3471.0	4602.0	6223.0	8700.0	12523.0	18269.0	25807.0	35042.0	45713.0	55293.0	63767.0	69415.0	73140.0	75996.0	78285.0	80080.0	82176.0	85134.0	90145.0	95201.0	145553.0	1319930.0
Lle-CNas_076.clmp.r2	797.0	2173.0	2797.0	3514.0	4620.0	6203.0	8597.0	12450.0	18238.0	25805.0	34982.0	45496.0	55039.0	63464.0	68936.0	72558.0	75388.0	77509.0	79398.0	81393.0	84254.0	90021.0	95285.0	172183.0	1299019.0
Lle-CNas_077.clmp.r1	602.0	1737.0	2191.0	2773.0	3624.0	4725.0	6580.0	9415.0	13878.0	19579.0	26067.0	34172.0	41273.0	47680.0	52192.0	54851.0	56792.0	58657.0	60615.0	62417.0	63480.0	67528.0	69631.0	106018.0	951448.0
Lle-CNas_077.clmp.r2	613.0	1785.0	2187.0	2758.0	3629.0	4691.0	6567.0	9346.0	13827.0	19532.0	26008.0	33977.0	41061.0	47430.0	51816.0	54443.0	56319.0	58143.0	60104.0	61853.0	62849.0	67471.0	69652.0	125512.0	936352.0
Lle-CNas_078.clmp.r1	523.0	1513.0	2019.0	3043.0	3983.0	5499.0	7789.0	11333.0	16829.0	24107.0	33191.0	42474.0	52821.0	59952.0	65444.0	68410.0	71125.0	73031.0	74386.0	75284.0	77906.0	80490.0	82951.0	119856.0	1005718.0
Lle-CNas_078.clmp.r2	527.0	1542.0	2030.0	3061.0	3986.0	5470.0	7696.0	11307.0	16837.0	24059.0	33007.0	42320.0	52531.0	59633.0	65111.0	67917.0	70707.0	72470.0	73686.0	74533.0	77216.0	80136.0	83120.0	140103.0	990672.0
Lle-CNas_079.clmp.r1	1028.0	2607.0	3188.0	4133.0	5368.0	7392.0	11209.0	16462.0	24642.0	35849.0	48714.0	62149.0	74377.0	83814.0	89257.0	92729.0	94405.0	95058.0	94795.0	95338.0	97871.0	104026.0	112062.0	176023.0	1701175.0
Lle-CNas_079.clmp.r2	1081.0	2623.0	3268.0	4192.0	5413.0	7388.0	11103.0	16417.0	24594.0	35864.0	48544.0	61835.0	74054.0	83178.0	88780.0	92046.0	93458.0	93928.0	93782.0	94421.0	96882.0	104122.0	112427.0	212328.0	1671943.0
Lle-CNas_080.clmp.r1	639.0	2061.0	2364.0	2877.0	3770.0	4731.0	6554.0	9486.0	13787.0	19289.0	26239.0	34275.0	41122.0	47510.0	51910.0	54953.0	56790.0	58867.0	60285.0	61767.0	64836.0	69754.0	73654.0	119365.0	1161788.0
Lle-CNas_080.clmp.r2	651.0	2107.0	2384.0	2904.0	3734.0	4723.0	6484.0	9443.0	13721.0	19241.0	26118.0	34036.0	40933.0	47210.0	51405.0	54614.0	56397.0	58375.0	59772.0	61113.0	64237.0	69824.0	73673.0	142152.0	1143422.0
Lle-CNas_081.clmp.r1	921.0	2663.0	3372.0	4508.0	5988.0	7934.0	11040.0	16079.0	23762.0	33015.0	45203.0	58918.0	71369.0	83004.0	90560.0	95586.0	99081.0	102358.0	103529.0	106349.0	108630.0	115589.0	122605.0	185247.0	1615664.0
Lle-CNas_081.clmp.r2	983.0	2708.0	3389.0	4577.0	6019.0	7863.0	10985.0	16027.0	23503.0	32976.0	45042.0	58648.0	71030.0	82517.0	90019.0	94930.0	98272.0	101424.0	102462.0	105272.0	107564.0	115065.0	122782.0	217655.0	1591262.0
Lle-CNas_082.clmp.r1	623.0	1914.0	2384.0	3158.0	4150.0	5468.0	7397.0	10926.0	15598.0	22251.0	30305.0	38923.0	47015.0	54214.0	59519.0	62877.0	64834.0	66801.0	68818.0	69442.0	72395.0	76307.0	79365.0	117952.0	1046407.0
Lle-CNas_082.clmp.r2	650.0	1967.0	2444.0	3223.0	4161.0	5429.0	7308.0	10908.0	15541.0	22197.0	30242.0	38795.0	46682.0	53907.0	59309.0	62455.0	64364.0	66179.0	68122.0	68685.0	71749.0	75894.0	79541.0	138886.0	1030405.0
Lle-CNas_083.clmp.r1	1040.0	3010.0	3683.0	4721.0	5803.0	7573.0	10124.0	14616.0	20425.0	29261.0	39152.0	51338.0	62926.0	72062.0	79595.0	84153.0	87142.0	90057.0	93111.0	94741.0	99007.0	105551.0	113370.0	176004.0	1646135.0
Lle-CNas_083.clmp.r2	1036.0	3014.0	3729.0	4734.0	5802.0	7532.0	10050.0	14546.0	20319.0	29141.0	39129.0	51045.0	62423.0	71573.0	79063.0	83536.0	86404.0	89209.0	92116.0	93530.0	98251.0	105401.0	113144.0	218315.0	1611558.0
Lle-CNas_084.clmp.r1	827.0	2148.0	2546.0	3118.0	4449.0	6045.0	8587.0	12974.0	19596.0	28722.0	39015.0	50251.0	60915.0	69786.0	75350.0	79624.0	81468.0	83022.0	84131.0	85728.0	87730.0	93153.0	98619.0	156027.0	1527028.0
Lle-CNas_084.clmp.r2	855.0	2189.0	2623.0	3158.0	4430.0	5997.0	8544.0	12923.0	19512.0	28566.0	38906.0	50054.0	60624.0	69364.0	74810.0	78968.0	80864.0	82167.0	83464.0	84846.0	86820.0	93140.0	98877.0	191232.0	1497926.0
Lle-CNas_085.clmp.r1	786.0	2434.0	3178.0	4258.0	5308.0	7181.0	9909.0	14030.0	20413.0	28227.0	38404.0	49803.0	60152.0	68814.0	75189.0	78841.0	81423.0	83173.0	84364.0	86460.0	89151.0	94308.0	100869.0	148872.0	1294678.0
Lle-CNas_085.clmp.r2	795.0	2486.0	3196.0	4287.0	5351.0	7178.0	9823.0	13911.0	20312.0	28234.0	38252.0	49601.0	59860.0	68397.0	74755.0	78287.0	80822.0	82406.0	83599.0	85592.0	88325.0	94248.0	101094.0	172823.0	1276591.0
Lle-CNas_086.clmp.r1	616.0	1791.0	2283.0	2873.0	3858.0	5058.0	6993.0	10107.0	14686.0	20504.0	28179.0	36435.0	44317.0	50484.0	55156.0	58833.0	61118.0	62657.0	64457.0	66264.0	67627.0	71404.0	74380.0	112724.0	1036138.0
Lle-CNas_086.clmp.r2	637.0	1836.0	2321.0	2937.0	3897.0	5049.0	6946.0	10072.0	14744.0	20523.0	28129.0	36269.0	44049.0	50211.0	54807.0	58431.0	60496.0	62081.0	63862.0	65686.0	67002.0	71416.0	74490.0	133940.0	1019111.0
Lle-CNas_087.clmp.r1	509.0	1487.0	1846.0	2343.0	3143.0	4341.0	6411.0	9306.0	13854.0	20142.0	27690.0	36248.0	45133.0	52601.0	57747.0	61983.0	64919.0	67419.0	69375.0	71217.0	72881.0	76977.0	79412.0	120711.0	1098966.0
Lle-CNas_087.clmp.r2	533.0	1567.0	1910.0	2407.0	3194.0	4330.0	6353.0	9276.0	13800.0	20059.0	27592.0	36053.0	44821.0	52299.0	57477.0	61453.0	64439.0	66910.0	68588.0	70642.0	72328.0	76924.0	79895.0	147056.0	1076755.0
Lle-CNas_088.clmp.r1	731.0	1973.0	2348.0	3007.0	3903.0	5186.0	7060.0	10291.0	14828.0	20781.0	28466.0	36620.0	44675.0	51605.0	56358.0	59844.0	62701.0	64391.0	66820.0	69230.0	72146.0	78382.0	84131.0	135845.0	1343464.0
Lle-CNas_088.clmp.r2	770.0	2013.0	2373.0	3006.0	3897.0	5144.0	6968.0	10159.0	14823.0	20812.0	28415.0	36449.0	44512.0	51255.0	55937.0	59261.0	62107.0	63915.0	66150.0	68585.0	71433.0	78369.0	84464.0	162385.0	1321584.0
Lle-CNas_089.clmp.r1	639.0	1773.0	2210.0	2822.0	3668.0	4749.0	6550.0	9410.0	13445.0	19040.0	25839.0	33639.0	41189.0	47575.0	52808.0	56534.0	58996.0	61152.0	63983.0	65321.0	68325.0	72579.0	76281.0	119109.0	1118086.0
Lle-CNas_089.clmp.r2	641.0	1811.0	2253.0	2874.0	3697.0	4761.0	6498.0	9331.0	13477.0	19090.0	25771.0	33528.0	40977.0	47353.0	52444.0	56053.0	58527.0	60580.0	63381.0	64644.0	67458.0	72376.0	76421.0	141148.0	1100628.0
Lle-CNas_090.clmp.r1	687.0	2226.0	2770.0	3574.0	4394.0	5569.0	7298.0	10289.0	14617.0	20013.0	27094.0	34167.0	41805.0	47316.0	51251.0	54496.0	56384.0	58305.0	59507.0	62483.0	65050.0	70073.0	75540.0	121267.0	1215723.0
Lle-CNas_090.clmp.r2	696.0	2268.0	2780.0	3629.0	4393.0	5549.0	7217.0	10238.0	14604.0	19960.0	27020.0	34013.0	41547.0	46990.0	50936.0	54069.0	55938.0	57827.0	58899.0	61824.0	64476.0	69970.0	75525.0	146668.0	1194862.0
Lle-CNas_091.clmp.r1	582.0	1716.0	2116.0	2771.0	3563.0	4528.0	6387.0	8820.0	12802.0	17551.0	23608.0	30855.0	37210.0	42492.0	46449.0	48839.0	50437.0	52844.0	54776.0	55916.0	58626.0	61887.0	66009.0	102020.0	1024598.0
Lle-CNas_091.clmp.r2	596.0	1757.0	2157.0	2793.0	3566.0	4509.0	6339.0	8786.0	12781.0	17551.0	23513.0	30716.0	36993.0	42160.0	46111.0	48460.0	50091.0	52319.0	54347.0	55373.0	58178.0	61904.0	66091.0	124499.0	1005812.0
Lle-CNas_092.clmp.r1	1586.0	4472.0	5361.0	7106.0	9074.0	12196.0	17382.0	25334.0	36812.0	51785.0	70074.0	90323.0	109475.0	123211.0	133481.0	138359.0	142684.0	144663.0	146778.0	148008.0	152332.0	163423.0	179074.0	302717.0	2999682.0
Lle-CNas_092.clmp.r2	1614.0	4531.0	5445.0	7119.0	9066.0	12203.0	17164.0	25188.0	36587.0	51768.0	69811.0	89799.0	108870.0	122384.0	132563.0	137261.0	141535.0	143355.0	145126.0	146414.0	150709.0	163272.0	179392.0	361896.0	2952320.0
Lle-CNas_093.clmp.r1	417.0	1154.0	1545.0	2174.0	3302.0	4476.0	6930.0	10991.0	16347.0	23251.0	31913.0	41028.0	49012.0	54347.0	58533.0	59022.0	59715.0	59488.0	59177.0	59263.0	58606.0	60246.0	61903.0	87045.0	685595.0
Lle-CNas_093.clmp.r2	430.0	1198.0	1581.0	2203.0	3321.0	4436.0	6870.0	10977.0	16239.0	23215.0	31782.0	40858.0	48853.0	53988.0	58061.0	58661.0	59263.0	58914.0	58612.0	58765.0	58268.0	60321.0	61948.0	100211.0	676505.0
Lle-CNas_094.clmp.r1	536.0	1662.0	2057.0	2786.0	3654.0	4960.0	6873.0	10368.0	15207.0	21872.0	29886.0	38942.0	47477.0	54512.0	59426.0	63709.0	65585.0	68391.0	70133.0	71410.0	73916.0	77021.0	81657.0	122971.0	1132083.0
Lle-CNas_094.clmp.r2	560.0	1725.0	2073.0	2824.0	3640.0	4964.0	6826.0	10335.0	15191.0	21815.0	29813.0	38801.0	47238.0	54159.0	59088.0	63261.0	65037.0	67770.0	69321.0	70618.0	73221.0	77294.0	82041.0	147313.0	1112166.0
Lle-CNas_095.clmp.r1	1539.0	4129.0	4794.0	5900.0	7511.0	10355.0	14362.0	20956.0	30330.0	42376.0	57550.0	74405.0	90709.0	102743.0	112225.0	119242.0	123000.0	125062.0	128602.0	132064.0	136368.0	148813.0	165022.0	280993.0	3018870.0
Lle-CNas_095.clmp.r2	1585.0	4251.0	4823.0	5996.0	7515.0	10347.0	14150.0	20765.0	30160.0	42252.0	57278.0	74034.0	90134.0	102049.0	111433.0	118090.0	121718.0	123724.0	127018.0	130611.0	135061.0	149068.0	165947.0	359419.0	2950492.0
Lle-CNas_096.clmp.r1	1743.0	5933.0	7609.0	9660.0	11738.0	14974.0	19619.0	27072.0	37404.0	50914.0	67048.0	83886.0	99326.0	111259.0	117495.0	121194.0	122533.0	122084.0	120890.0	121758.0	122466.0	129154.0	139354.0	214550.0	1832372.0
Lle-CNas_096.clmp.r2	1756.0	5948.0	7664.0	9722.0	11769.0	14935.0	19499.0	26953.0	37330.0	50748.0	66834.0	83539.0	98920.0	110630.0	116616.0	120183.0	121564.0	121034.0	119633.0	120628.0	121339.0	129077.0	139899.0	247369.0	1808446.0
