	21.0	22.0	23.0	24.0	25.0	26.0	27.0	28.0	29.0	30.0	31.0	32.0	33.0	34.0	35.0	36.0	37.0
Lle-AHam_001.clmp.r1	9.0	152.0	1126.0	8969.0	28316.0	45322.0	65876.0	92663.0	124883.0	157391.0	191749.0	215490.0	240371.0	267115.0	360888.0	1367652.0	648092.0
	20.0	21.0	22.0	23.0	24.0	25.0	26.0	27.0	28.0	29.0	30.0	31.0	32.0	33.0	34.0	35.0	36.0	37.0
Lle-AHam_001.clmp.r2	2.0	8.0	51.0	2657.0	22761.0	46195.0	58160.0	74664.0	96952.0	127866.0	160337.0	195895.0	225299.0	251805.0	291517.0	520061.0	1549400.0	192434.0
	21.0	22.0	23.0	24.0	25.0	26.0	27.0	28.0	29.0	30.0	31.0	32.0	33.0	34.0	35.0	36.0	37.0
Lle-AHam_002.clmp.r1	4.0	116.0	1061.0	8240.0	25443.0	41018.0	60467.0	84061.0	114566.0	143925.0	174317.0	197375.0	220341.0	244572.0	335868.0	1341083.0	662184.0
	21.0	22.0	23.0	24.0	25.0	26.0	27.0	28.0	29.0	30.0	31.0	32.0	33.0	34.0	35.0	36.0	37.0
Lle-AHam_002.clmp.r2	9.0	49.0	1833.0	16958.0	37412.0	48257.0	63963.0	83669.0	109307.0	138371.0	172312.0	200312.0	228003.0	268862.0	488278.0	1577950.0	219096.0
	20.0	21.0	22.0	23.0	24.0	25.0	26.0	27.0	28.0	29.0	30.0	31.0	32.0	33.0	34.0	35.0	36.0	37.0
Lle-AHam_003.clmp.r1	1.0	7.0	140.0	1255.0	10425.0	33836.0	53471.0	77942.0	106863.0	144949.0	180981.0	219837.0	251077.0	282684.0	323555.0	466488.0	1961316.0	997197.0
	20.0	21.0	22.0	23.0	24.0	25.0	26.0	27.0	28.0	29.0	30.0	31.0	32.0	33.0	34.0	35.0	36.0	37.0
Lle-AHam_003.clmp.r2	1.0	3.0	63.0	2732.0	26459.0	55373.0	70101.0	88869.0	112761.0	144561.0	178956.0	218815.0	253100.0	290027.0	352648.0	671958.0	2275315.0	370282.0
	21.0	22.0	23.0	24.0	25.0	26.0	27.0	28.0	29.0	30.0	31.0	32.0	33.0	34.0	35.0	36.0	37.0
Lle-AHam_004.clmp.r1	4.0	129.0	1293.0	11104.0	35001.0	55323.0	79549.0	109858.0	146158.0	185064.0	223440.0	256636.0	291980.0	340466.0	527971.0	2045468.0	675541.0
	21.0	22.0	23.0	24.0	25.0	26.0	27.0	28.0	29.0	30.0	31.0	32.0	33.0	34.0	35.0	36.0	37.0
Lle-AHam_004.clmp.r2	3.0	63.0	2786.0	26098.0	56923.0	72277.0	92159.0	117243.0	151423.0	187491.0	227616.0	262875.0	302455.0	366645.0	699130.0	2092132.0	327666.0
	21.0	22.0	23.0	24.0	25.0	26.0	27.0	28.0	29.0	30.0	31.0	32.0	33.0	34.0	35.0	36.0	37.0
Lle-AHam_005.clmp.r1	5.0	146.0	1147.0	10545.0	32867.0	51935.0	76160.0	104278.0	141193.0	177223.0	214333.0	246188.0	279440.0	325450.0	501483.0	1934789.0	619523.0
	20.0	21.0	22.0	23.0	24.0	25.0	26.0	27.0	28.0	29.0	30.0	31.0	32.0	33.0	34.0	35.0	36.0	37.0
Lle-AHam_005.clmp.r2	1.0	8.0	45.0	2560.0	24183.0	52895.0	66985.0	85781.0	108529.0	138875.0	173090.0	212170.0	244508.0	280331.0	341811.0	649194.0	2009952.0	325787.0
	21.0	22.0	23.0	24.0	25.0	26.0	27.0	28.0	29.0	30.0	31.0	32.0	33.0	34.0	35.0	36.0	37.0
Lle-AHam_006.clmp.r1	7.0	113.0	1402.0	12527.0	39811.0	63592.0	91141.0	125591.0	167840.0	209726.0	253743.0	291501.0	335412.0	397418.0	618344.0	2374087.0	825646.0
	21.0	22.0	23.0	24.0	25.0	26.0	27.0	28.0	29.0	30.0	31.0	32.0	33.0	34.0	35.0	36.0	37.0
Lle-AHam_006.clmp.r2	6.0	48.0	2581.0	26784.0	62810.0	81990.0	105533.0	133933.0	172272.0	210898.0	253272.0	287412.0	329633.0	402530.0	775053.0	2496214.0	466932.0
	21.0	22.0	23.0	24.0	25.0	26.0	27.0	28.0	29.0	30.0	31.0	32.0	33.0	34.0	35.0	36.0	37.0
Lle-AHam_007.clmp.r1	3.0	78.0	750.0	6614.0	22093.0	36113.0	53965.0	76612.0	105261.0	131370.0	157800.0	176865.0	195232.0	214567.0	295911.0	1185811.0	623013.0
	21.0	22.0	23.0	24.0	25.0	26.0	27.0	28.0	29.0	30.0	31.0	32.0	33.0	34.0	35.0	36.0	37.0
Lle-AHam_007.clmp.r2	7.0	46.0	2198.0	18075.0	37030.0	46584.0	59853.0	77275.0	99709.0	125052.0	153604.0	176802.0	200312.0	232965.0	407101.0	1406523.0	238922.0
	21.0	22.0	23.0	24.0	25.0	26.0	27.0	28.0	29.0	30.0	31.0	32.0	33.0	34.0	35.0	36.0	37.0
Lle-AHam_008.clmp.r1	1.0	43.0	376.0	3517.0	11583.0	18099.0	26545.0	36133.0	48094.0	59970.0	72480.0	84292.0	98324.0	118284.0	181323.0	814938.0	457067.0
	20.0	21.0	22.0	23.0	24.0	25.0	26.0	27.0	28.0	29.0	30.0	31.0	32.0	33.0	34.0	35.0	36.0	37.0
Lle-AHam_008.clmp.r2	1.0	1.0	14.0	751.0	7560.0	17426.0	22010.0	27708.0	34838.0	44821.0	55601.0	69044.0	81196.0	98250.0	124934.0	253255.0	984742.0	208917.0
	21.0	22.0	23.0	24.0	25.0	26.0	27.0	28.0	29.0	30.0	31.0	32.0	33.0	34.0	35.0	36.0	37.0
Lle-AHam_009.clmp.r1	8.0	94.0	710.0	7030.0	23127.0	37500.0	56162.0	78974.0	108417.0	137268.0	166613.0	190408.0	212802.0	238707.0	333203.0	1327073.0	737417.0
	21.0	22.0	23.0	24.0	25.0	26.0	27.0	28.0	29.0	30.0	31.0	32.0	33.0	34.0	35.0	36.0	37.0
Lle-AHam_009.clmp.r2	3.0	48.0	1838.0	16410.0	35113.0	45348.0	59149.0	78210.0	103815.0	132602.0	164980.0	192993.0	220783.0	263676.0	487912.0	1602006.0	250627.0
	21.0	22.0	23.0	24.0	25.0	26.0	27.0	28.0	29.0	30.0	31.0	32.0	33.0	34.0	35.0	36.0	37.0
Lle-AHam_010.clmp.r1	5.0	92.0	1135.0	10506.0	34554.0	55911.0	81566.0	112688.0	151493.0	191067.0	229681.0	261488.0	293859.0	333419.0	470572.0	1957195.0	1099849.0
	20.0	21.0	22.0	23.0	24.0	25.0	26.0	27.0	28.0	29.0	30.0	31.0	32.0	33.0	34.0	35.0	36.0	37.0
Lle-AHam_010.clmp.r2	2.0	14.0	63.0	2264.0	21859.0	50233.0	66079.0	85867.0	110630.0	145243.0	182855.0	225806.0	264260.0	304675.0	366511.0	678842.0	2377837.0	402040.0
	21.0	22.0	23.0	24.0	25.0	26.0	27.0	28.0	29.0	30.0	31.0	32.0	33.0	34.0	35.0	36.0	37.0
Lle-AHam_011.clmp.r1	2.0	35.0	481.0	4992.0	16589.0	26377.0	38086.0	52584.0	70515.0	88335.0	106440.0	121451.0	133995.0	149922.0	209759.0	837636.0	386361.0
	21.0	22.0	23.0	24.0	25.0	26.0	27.0	28.0	29.0	30.0	31.0	32.0	33.0	34.0	35.0	36.0	37.0
Lle-AHam_011.clmp.r2	2.0	28.0	1118.0	11076.0	24043.0	30986.0	38926.0	49602.0	65449.0	82208.0	102596.0	120992.0	139553.0	164573.0	291544.0	983173.0	137691.0
	21.0	22.0	23.0	24.0	25.0	26.0	27.0	28.0	29.0	30.0	31.0	32.0	33.0	34.0	35.0	36.0	37.0
Lle-AHam_012.clmp.r1	4.0	62.0	839.0	8386.0	26170.0	40191.0	56616.0	75858.0	100461.0	124625.0	149441.0	169427.0	187466.0	212477.0	297343.0	1151883.0	524843.0
	20.0	21.0	22.0	23.0	24.0	25.0	26.0	27.0	28.0	29.0	30.0	31.0	32.0	33.0	34.0	35.0	36.0	37.0
Lle-AHam_012.clmp.r2	2.0	2.0	34.0	1106.0	12623.0	31548.0	42382.0	54511.0	69501.0	91086.0	115161.0	143264.0	169202.0	196967.0	238075.0	427716.0	1356930.0	175982.0
	22.0	23.0	24.0	25.0	26.0	27.0	28.0	29.0	30.0	31.0	32.0	33.0	34.0	35.0	36.0	37.0
Lle-AHam_013.clmp.r1	7.0	91.0	711.0	2187.0	3357.0	4465.0	6146.0	8044.0	10286.0	12676.0	14658.0	17170.0	20761.0	31863.0	143040.0	62217.0
	22.0	23.0	24.0	25.0	26.0	27.0	28.0	29.0	30.0	31.0	32.0	33.0	34.0	35.0	36.0	37.0
Lle-AHam_013.clmp.r2	5.0	168.0	1599.0	3141.0	3767.0	4597.0	5713.0	7648.0	9646.0	11865.0	14529.0	17964.0	22963.0	47777.0	165657.0	20640.0
	21.0	22.0	23.0	24.0	25.0	26.0	27.0	28.0	29.0	30.0	31.0	32.0	33.0	34.0	35.0	36.0	37.0
Lle-AHam_014.clmp.r1	2.0	182.0	1596.0	12562.0	39239.0	60384.0	84710.0	114491.0	150997.0	188350.0	225078.0	253881.0	283915.0	321503.0	452961.0	1851248.0	943144.0
	21.0	22.0	23.0	24.0	25.0	26.0	27.0	28.0	29.0	30.0	31.0	32.0	33.0	34.0	35.0	36.0	37.0
Lle-AHam_014.clmp.r2	6.0	47.0	2554.0	24339.0	54505.0	69642.0	88130.0	111553.0	143671.0	178844.0	218898.0	254184.0	290693.0	346227.0	632957.0	2189053.0	378940.0
	21.0	22.0	23.0	24.0	25.0	26.0	27.0	28.0	29.0	30.0	31.0	32.0	33.0	34.0	35.0	36.0	37.0
Lle-AHam_015.clmp.r1	7.0	135.0	1664.0	12849.0	38704.0	59748.0	83266.0	111872.0	147415.0	182267.0	218003.0	247135.0	277722.0	319455.0	457652.0	1910800.0	1059561.0
	21.0	22.0	23.0	24.0	25.0	26.0	27.0	28.0	29.0	30.0	31.0	32.0	33.0	34.0	35.0	36.0	37.0
Lle-AHam_015.clmp.r2	1.0	61.0	2555.0	23956.0	54161.0	69162.0	87643.0	110581.0	143399.0	176839.0	215454.0	247020.0	282140.0	340266.0	633206.0	2297698.0	444113.0
	21.0	22.0	23.0	24.0	25.0	26.0	27.0	28.0	29.0	30.0	31.0	32.0	33.0	34.0	35.0	36.0	37.0
Lle-AHam_016.clmp.r1	1.0	24.0	302.0	2645.0	8721.0	13501.0	19666.0	26832.0	36326.0	46817.0	57989.0	67857.0	78995.0	92497.0	136900.0	515665.0	150951.0
	21.0	22.0	23.0	24.0	25.0	26.0	27.0	28.0	29.0	30.0	31.0	32.0	33.0	34.0	35.0	36.0	37.0
Lle-AHam_016.clmp.r2	4.0	15.0	405.0	4910.0	12597.0	17270.0	22802.0	29422.0	39163.0	49225.0	61564.0	71341.0	82712.0	102287.0	193788.0	516420.0	51764.0
	21.0	22.0	23.0	24.0	25.0	26.0	27.0	28.0	29.0	30.0	31.0	32.0	33.0	34.0	35.0	36.0	37.0
Lle-AHam_017.clmp.r1	6.0	126.0	1565.0	14980.0	47446.0	73528.0	105520.0	143042.0	189846.0	235944.0	285080.0	327031.0	372725.0	436211.0	653710.0	2425162.0	731604.0
	21.0	22.0	23.0	24.0	25.0	26.0	27.0	28.0	29.0	30.0	31.0	32.0	33.0	34.0	35.0	36.0	37.0
Lle-AHam_017.clmp.r2	11.0	84.0	3211.0	32315.0	75047.0	96289.0	122710.0	154883.0	199099.0	244810.0	296288.0	341054.0	388778.0	470341.0	867471.0	2422615.0	328520.0
	21.0	22.0	23.0	24.0	25.0	26.0	27.0	28.0	29.0	30.0	31.0	32.0	33.0	34.0	35.0	36.0	37.0
Lle-AHam_018.clmp.r1	2.0	159.0	1376.0	11645.0	36733.0	57170.0	82103.0	111853.0	150132.0	187559.0	226096.0	254999.0	286355.0	322706.0	450776.0	1791482.0	957797.0
	20.0	21.0	22.0	23.0	24.0	25.0	26.0	27.0	28.0	29.0	30.0	31.0	32.0	33.0	34.0	35.0	36.0	37.0
Lle-AHam_018.clmp.r2	1.0	11.0	55.0	2319.0	22382.0	49492.0	63572.0	82716.0	107676.0	139988.0	175500.0	218595.0	256061.0	296129.0	354422.0	641505.0	2165822.0	352697.0
	21.0	22.0	23.0	24.0	25.0	26.0	27.0	28.0	29.0	30.0	31.0	32.0	33.0	34.0	35.0	36.0	37.0
Lle-AHam_019.clmp.r1	5.0	127.0	991.0	8051.0	25960.0	42422.0	62139.0	86376.0	115336.0	143988.0	173081.0	197528.0	224273.0	258963.0	363604.0	1534650.0	973420.0
	20.0	21.0	22.0	23.0	24.0	25.0	26.0	27.0	28.0	29.0	30.0	31.0	32.0	33.0	34.0	35.0	36.0	37.0
Lle-AHam_019.clmp.r2	1.0	6.0	50.0	1469.0	14409.0	36232.0	49364.0	65182.0	84780.0	109012.0	134495.0	162413.0	186823.0	216252.0	261739.0	496798.0	1944897.0	446992.0
	21.0	22.0	23.0	24.0	25.0	26.0	27.0	28.0	29.0	30.0	31.0	32.0	33.0	34.0	35.0	36.0	37.0
Lle-AHam_020.clmp.r1	6.0	72.0	724.0	6317.0	19909.0	32096.0	46780.0	65491.0	87688.0	108806.0	130175.0	144985.0	158709.0	175791.0	246127.0	982150.0	478760.0
	20.0	21.0	22.0	23.0	24.0	25.0	26.0	27.0	28.0	29.0	30.0	31.0	32.0	33.0	34.0	35.0	36.0	37.0
Lle-AHam_020.clmp.r2	1.0	2.0	35.0	1787.0	15457.0	31065.0	38721.0	48574.0	61267.0	79468.0	99528.0	122267.0	141687.0	161763.0	191489.0	342307.0	1158607.0	190561.0
	21.0	22.0	23.0	24.0	25.0	26.0	27.0	28.0	29.0	30.0	31.0	32.0	33.0	34.0	35.0	36.0	37.0
Lle-AHam_021.clmp.r1	4.0	66.0	775.0	7677.0	25340.0	39875.0	58560.0	81541.0	109643.0	137177.0	165328.0	188715.0	214280.0	247325.0	353287.0	1555637.0	930800.0
	21.0	22.0	23.0	24.0	25.0	26.0	27.0	28.0	29.0	30.0	31.0	32.0	33.0	34.0	35.0	36.0	37.0
Lle-AHam_021.clmp.r2	4.0	36.0	1415.0	14871.0	36449.0	48265.0	62922.0	80844.0	104845.0	130811.0	161244.0	188531.0	217850.0	264118.0	507967.0	1931148.0	364710.0
	21.0	22.0	23.0	24.0	25.0	26.0	27.0	28.0	29.0	30.0	31.0	32.0	33.0	34.0	35.0	36.0	37.0
Lle-AHam_022.clmp.r1	6.0	100.0	909.0	8182.0	26242.0	42320.0	62667.0	88094.0	120236.0	151534.0	181573.0	203306.0	224356.0	247218.0	334981.0	1293374.0	667953.0
	21.0	22.0	23.0	24.0	25.0	26.0	27.0	28.0	29.0	30.0	31.0	32.0	33.0	34.0	35.0	36.0	37.0
Lle-AHam_022.clmp.r2	7.0	38.0	2210.0	19767.0	40424.0	51999.0	66778.0	86376.0	113528.0	142693.0	176990.0	203370.0	230102.0	269778.0	472199.0	1533623.0	243169.0
	21.0	22.0	23.0	24.0	25.0	26.0	27.0	28.0	29.0	30.0	31.0	32.0	33.0	34.0	35.0	36.0	37.0
Lle-AHam_023.clmp.r1	4.0	77.0	1011.0	11057.0	35646.0	56037.0	79221.0	106554.0	140177.0	173284.0	207848.0	233880.0	259281.0	292469.0	406892.0	1569653.0	776968.0
	20.0	21.0	22.0	23.0	24.0	25.0	26.0	27.0	28.0	29.0	30.0	31.0	32.0	33.0	34.0	35.0	36.0	37.0
Lle-AHam_023.clmp.r2	1.0	2.0	67.0	2264.0	22661.0	51700.0	66127.0	83535.0	105402.0	135969.0	169426.0	206344.0	238854.0	272522.0	319183.0	561453.0	1824393.0	290156.0
	21.0	22.0	23.0	24.0	25.0	26.0	27.0	28.0	29.0	30.0	31.0	32.0	33.0	34.0	35.0	36.0	37.0
Lle-AHam_024.clmp.r1	3.0	78.0	904.0	9831.0	30383.0	46841.0	65834.0	88917.0	117700.0	145012.0	173958.0	196905.0	218255.0	247068.0	346188.0	1384157.0	626447.0
	21.0	22.0	23.0	24.0	25.0	26.0	27.0	28.0	29.0	30.0	31.0	32.0	33.0	34.0	35.0	36.0	37.0
Lle-AHam_024.clmp.r2	2.0	42.0	2211.0	20496.0	44685.0	55206.0	69593.0	87775.0	111689.0	139630.0	172312.0	202421.0	232799.0	276083.0	480765.0	1579765.0	223007.0
	21.0	22.0	23.0	24.0	25.0	26.0	27.0	28.0	29.0	30.0	31.0	32.0	33.0	34.0	35.0	36.0	37.0
Lle-AHam_025.clmp.r1	3.0	93.0	899.0	6715.0	19257.0	28603.0	40051.0	54721.0	72982.0	90909.0	109248.0	124584.0	139583.0	158173.0	222004.0	907266.0	491565.0
	20.0	21.0	22.0	23.0	24.0	25.0	26.0	27.0	28.0	29.0	30.0	31.0	32.0	33.0	34.0	35.0	36.0	37.0
Lle-AHam_025.clmp.r2	1.0	8.0	23.0	1183.0	11435.0	25409.0	32898.0	42682.0	53998.0	70504.0	89225.0	108908.0	127071.0	144517.0	172445.0	326316.0	1085673.0	174360.0
	21.0	22.0	23.0	24.0	25.0	26.0	27.0	28.0	29.0	30.0	31.0	32.0	33.0	34.0	35.0	36.0	37.0
Lle-AHam_026.clmp.r1	2.0	73.0	555.0	4932.0	16577.0	26628.0	39863.0	55832.0	76268.0	95384.0	115872.0	131805.0	149158.0	170526.0	247149.0	1081517.0	599173.0
	20.0	21.0	22.0	23.0	24.0	25.0	26.0	27.0	28.0	29.0	30.0	31.0	32.0	33.0	34.0	35.0	36.0	37.0
Lle-AHam_026.clmp.r2	1.0	4.0	27.0	1204.0	11408.0	25754.0	33080.0	42950.0	55739.0	73113.0	92249.0	113444.0	132761.0	152988.0	186690.0	363664.0	1302577.0	223661.0
	21.0	22.0	23.0	24.0	25.0	26.0	27.0	28.0	29.0	30.0	31.0	32.0	33.0	34.0	35.0	36.0	37.0
Lle-AHam_027.clmp.r1	3.0	67.0	607.0	4740.0	15386.0	25156.0	38226.0	54680.0	76240.0	97209.0	120449.0	141512.0	164143.0	193097.0	307273.0	1232690.0	454936.0
	20.0	21.0	22.0	23.0	24.0	25.0	26.0	27.0	28.0	29.0	30.0	31.0	32.0	33.0	34.0	35.0	36.0	37.0
Lle-AHam_027.clmp.r2	1.0	4.0	25.0	1365.0	12286.0	26415.0	34172.0	44919.0	59299.0	78693.0	98860.0	122654.0	142914.0	165839.0	207812.0	424817.0	1295454.0	210885.0
	21.0	22.0	23.0	24.0	25.0	26.0	27.0	28.0	29.0	30.0	31.0	32.0	33.0	34.0	35.0	36.0	37.0
Lle-AHam_028.clmp.r1	1.0	50.0	381.0	3430.0	10676.0	17545.0	26260.0	36594.0	50645.0	64422.0	79736.0	92060.0	107088.0	128045.0	203257.0	859673.0	311689.0
	20.0	21.0	22.0	23.0	24.0	25.0	26.0	27.0	28.0	29.0	30.0	31.0	32.0	33.0	34.0	35.0	36.0	37.0
Lle-AHam_028.clmp.r2	1.0	0.0	13.0	640.0	6442.0	15691.0	20784.0	27776.0	36237.0	48036.0	60823.0	75286.0	89023.0	105248.0	134856.0	285276.0	938968.0	146452.0
	21.0	22.0	23.0	24.0	25.0	26.0	27.0	28.0	29.0	30.0	31.0	32.0	33.0	34.0	35.0	36.0	37.0
Lle-AHam_029.clmp.r1	3.0	66.0	804.0	7856.0	25330.0	40747.0	59644.0	83010.0	112097.0	141186.0	171580.0	196030.0	224040.0	258395.0	389840.0	1472896.0	473075.0
	21.0	22.0	23.0	24.0	25.0	26.0	27.0	28.0	29.0	30.0	31.0	32.0	33.0	34.0	35.0	36.0	37.0
Lle-AHam_029.clmp.r2	5.0	50.0	2219.0	21117.0	44188.0	55525.0	71317.0	89846.0	116364.0	144320.0	176088.0	201405.0	229304.0	276539.0	520375.0	1483815.0	224122.0
	21.0	22.0	23.0	24.0	25.0	26.0	27.0	28.0	29.0	30.0	31.0	32.0	33.0	34.0	35.0	36.0	37.0
Lle-AHam_030.clmp.r1	10.0	134.0	1213.0	10532.0	32177.0	50333.0	71629.0	97448.0	129002.0	158668.0	187902.0	208314.0	228935.0	254779.0	359576.0	1446556.0	748943.0
	20.0	21.0	22.0	23.0	24.0	25.0	26.0	27.0	28.0	29.0	30.0	31.0	32.0	33.0	34.0	35.0	36.0	37.0
Lle-AHam_030.clmp.r2	1.0	6.0	76.0	3101.0	25599.0	49099.0	59701.0	74190.0	92730.0	119511.0	147250.0	180214.0	206807.0	236624.0	277983.0	491412.0	1713006.0	308841.0
	20.0	21.0	22.0	23.0	24.0	25.0	26.0	27.0	28.0	29.0	30.0	31.0	32.0	33.0	34.0	35.0	36.0	37.0
Lle-AHam_031.clmp.r1	1.0	10.0	228.0	2038.0	17248.0	51084.0	78027.0	108529.0	145398.0	188798.0	230986.0	271977.0	299801.0	328200.0	362573.0	505088.0	1957828.0	911432.0
	21.0	22.0	23.0	24.0	25.0	26.0	27.0	28.0	29.0	30.0	31.0	32.0	33.0	34.0	35.0	36.0	37.0
Lle-AHam_031.clmp.r2	2.0	67.0	3787.0	33828.0	70112.0	86535.0	106159.0	131292.0	167568.0	207304.0	254235.0	294330.0	335094.0	394063.0	682967.0	2288600.0	403303.0
	21.0	22.0	23.0	24.0	25.0	26.0	27.0	28.0	29.0	30.0	31.0	32.0	33.0	34.0	35.0	36.0	37.0
Lle-AHam_032.clmp.r1	6.0	103.0	1018.0	9149.0	28941.0	46854.0	68887.0	94809.0	127578.0	158690.0	188528.0	210686.0	235523.0	264094.0	379883.0	1634821.0	931355.0
	21.0	22.0	23.0	24.0	25.0	26.0	27.0	28.0	29.0	30.0	31.0	32.0	33.0	34.0	35.0	36.0	37.0
Lle-AHam_032.clmp.r2	6.0	41.0	2093.0	18635.0	40214.0	51411.0	65335.0	83713.0	108779.0	137213.0	170472.0	200599.0	233406.0	281707.0	517204.0	2033735.0	436362.0
	21.0	22.0	23.0	24.0	25.0	26.0	27.0	28.0	29.0	30.0	31.0	32.0	33.0	34.0	35.0	36.0	37.0
Lle-CNas_001.clmp.r1	3.0	17.0	190.0	2359.0	7628.0	11632.0	16780.0	23150.0	31464.0	41169.0	52821.0	65833.0	82223.0	110236.0	196024.0	1325663.0	364932.0
	22.0	23.0	24.0	25.0	26.0	27.0	28.0	29.0	30.0	31.0	32.0	33.0	34.0	35.0	36.0	37.0
Lle-CNas_001.clmp.r2	19.0	439.0	5318.0	12877.0	17192.0	22583.0	29476.0	38754.0	49443.0	63188.0	80059.0	104987.0	156214.0	381289.0	1272574.0	97712.0
	21.0	22.0	23.0	24.0	25.0	26.0	27.0	28.0	29.0	30.0	31.0	32.0	33.0	34.0	35.0	36.0	37.0
Lle-CNas_002.clmp.r1	1.0	6.0	138.0	1725.0	5894.0	9203.0	13146.0	17851.0	25003.0	32287.0	41816.0	51609.0	64605.0	85266.0	152545.0	1004657.0	273071.0
	22.0	23.0	24.0	25.0	26.0	27.0	28.0	29.0	30.0	31.0	32.0	33.0	34.0	35.0	36.0	37.0
Lle-CNas_002.clmp.r2	7.0	343.0	4239.0	10280.0	13584.0	17532.0	22224.0	29482.0	36879.0	47240.0	60565.0	78896.0	114881.0	265784.0	987175.0	89712.0
	21.0	22.0	23.0	24.0	25.0	26.0	27.0	28.0	29.0	30.0	31.0	32.0	33.0	34.0	35.0	36.0	37.0
Lle-CNas_003.clmp.r1	1.0	10.0	171.0	2198.0	7177.0	11486.0	16138.0	22387.0	30793.0	40096.0	52192.0	65706.0	84331.0	114733.0	216997.0	1314223.0	256656.0
	21.0	22.0	23.0	24.0	25.0	26.0	27.0	28.0	29.0	30.0	31.0	32.0	33.0	34.0	35.0	36.0	37.0
Lle-CNas_003.clmp.r2	1.0	7.0	468.0	5491.0	13541.0	18262.0	23506.0	30522.0	39518.0	50701.0	64525.0	82209.0	108812.0	165880.0	401733.0	1151208.0	78911.0
	21.0	22.0	23.0	24.0	25.0	26.0	27.0	28.0	29.0	30.0	31.0	32.0	33.0	34.0	35.0	36.0	37.0
Lle-CNas_004.clmp.r1	2.0	15.0	154.0	2474.0	8431.0	13293.0	18856.0	26508.0	36660.0	48771.0	62727.0	79332.0	99022.0	129681.0	223842.0	1456253.0	416608.0
	20.0	21.0	22.0	23.0	24.0	25.0	26.0	27.0	28.0	29.0	30.0	31.0	32.0	33.0	34.0	35.0	36.0	37.0
Lle-CNas_004.clmp.r2	1.0	0.0	12.0	627.0	6650.0	16257.0	21612.0	28716.0	36661.0	48774.0	62342.0	80217.0	101046.0	130223.0	187086.0	421486.0	1374648.0	106271.0
	22.0	23.0	24.0	25.0	26.0	27.0	28.0	29.0	30.0	31.0	32.0	33.0	34.0	35.0	36.0	37.0
Lle-CNas_005.clmp.r1	6.0	100.0	1430.0	4415.0	7016.0	9970.0	13995.0	18948.0	24585.0	32129.0	40259.0	50914.0	69415.0	129016.0	826711.0	193888.0
	21.0	22.0	23.0	24.0	25.0	26.0	27.0	28.0	29.0	30.0	31.0	32.0	33.0	34.0	35.0	36.0	37.0
Lle-CNas_005.clmp.r2	1.0	8.0	347.0	3787.0	8607.0	10935.0	14126.0	17696.0	23149.0	29662.0	38283.0	49292.0	65509.0	100022.0	235987.0	765507.0	59879.0
	21.0	22.0	23.0	24.0	25.0	26.0	27.0	28.0	29.0	30.0	31.0	32.0	33.0	34.0	35.0	36.0	37.0
Lle-CNas_006.clmp.r1	1.0	43.0	407.0	5367.0	17945.0	28293.0	40428.0	55188.0	75418.0	98302.0	126571.0	157666.0	200185.0	271628.0	514751.0	3155853.0	657421.0
	21.0	22.0	23.0	24.0	25.0	26.0	27.0	28.0	29.0	30.0	31.0	32.0	33.0	34.0	35.0	36.0	37.0
Lle-CNas_006.clmp.r2	2.0	23.0	1299.0	14106.0	33606.0	44448.0	57995.0	74117.0	95207.0	121259.0	154841.0	195696.0	258995.0	394084.0	942635.0	2794072.0	223082.0
	21.0	22.0	23.0	24.0	25.0	26.0	27.0	28.0	29.0	30.0	31.0	32.0	33.0	34.0	35.0	36.0	37.0
Lle-CNas_007.clmp.r1	2.0	13.0	139.0	1812.0	6121.0	9357.0	13754.0	19341.0	26163.0	34361.0	43707.0	53540.0	66906.0	89119.0	160541.0	1100463.0	296140.0
	22.0	23.0	24.0	25.0	26.0	27.0	28.0	29.0	30.0	31.0	32.0	33.0	34.0	35.0	36.0	37.0
Lle-CNas_007.clmp.r2	4.0	395.0	4545.0	10756.0	14127.0	18354.0	23551.0	30626.0	38579.0	49909.0	62709.0	81661.0	120792.0	293003.0	1077128.0	95340.0
	21.0	22.0	23.0	24.0	25.0	26.0	27.0	28.0	29.0	30.0	31.0	32.0	33.0	34.0	35.0	36.0	37.0
Lle-CNas_008.clmp.r1	1.0	10.0	177.0	2164.0	7373.0	11553.0	16134.0	21844.0	30855.0	40312.0	51836.0	65057.0	82765.0	108532.0	192760.0	1217099.0	329440.0
	21.0	22.0	23.0	24.0	25.0	26.0	27.0	28.0	29.0	30.0	31.0	32.0	33.0	34.0	35.0	36.0	37.0
Lle-CNas_008.clmp.r2	2.0	19.0	469.0	5139.0	12457.0	16991.0	22554.0	28635.0	37758.0	48596.0	62798.0	80228.0	105510.0	155584.0	355346.0	1151601.0	94225.0
	21.0	22.0	23.0	24.0	25.0	26.0	27.0	28.0	29.0	30.0	31.0	32.0	33.0	34.0	35.0	36.0	37.0
Lle-CNas_009.clmp.r1	2.0	22.0	195.0	2408.0	7990.0	12466.0	17972.0	24808.0	34036.0	44405.0	56830.0	70505.0	88793.0	120393.0	231108.0	1540732.0	335517.0
	20.0	21.0	22.0	23.0	24.0	25.0	26.0	27.0	28.0	29.0	30.0	31.0	32.0	33.0	34.0	35.0	36.0	37.0
Lle-CNas_009.clmp.r2	1.0	1.0	9.0	667.0	6396.0	13919.0	18199.0	23211.0	29831.0	39090.0	49454.0	63816.0	81145.0	106771.0	160991.0	393311.0	1464953.0	136417.0
	21.0	22.0	23.0	24.0	25.0	26.0	27.0	28.0	29.0	30.0	31.0	32.0	33.0	34.0	35.0	36.0	37.0
Lle-CNas_010.clmp.r1	1.0	10.0	162.0	1957.0	6613.0	10315.0	14747.0	20329.0	27129.0	35541.0	44813.0	55407.0	69265.0	90315.0	162091.0	1068918.0	294222.0
	21.0	22.0	23.0	24.0	25.0	26.0	27.0	28.0	29.0	30.0	31.0	32.0	33.0	34.0	35.0	36.0	37.0
Lle-CNas_010.clmp.r2	1.0	8.0	434.0	4668.0	10852.0	14006.0	18264.0	22979.0	30008.0	38572.0	48984.0	61678.0	79748.0	116433.0	270885.0	1081369.0	102946.0
	22.0	23.0	24.0	25.0	26.0	27.0	28.0	29.0	30.0	31.0	32.0	33.0	34.0	35.0	36.0	37.0
Lle-CNas_011.clmp.r1	2.0	134.0	1857.0	6117.0	9556.0	13340.0	18725.0	25091.0	32790.0	42185.0	51886.0	66045.0	88567.0	161322.0	1031731.0	252625.0
	21.0	22.0	23.0	24.0	25.0	26.0	27.0	28.0	29.0	30.0	31.0	32.0	33.0	34.0	35.0	36.0	37.0
Lle-CNas_011.clmp.r2	2.0	9.0	421.0	4592.0	10986.0	14070.0	17854.0	23010.0	29192.0	37585.0	47730.0	61231.0	81627.0	120918.0	279506.0	985634.0	87606.0
	21.0	22.0	23.0	24.0	25.0	26.0	27.0	28.0	29.0	30.0	31.0	32.0	33.0	34.0	35.0	36.0	37.0
Lle-CNas_012.clmp.r1	1.0	13.0	186.0	2559.0	8929.0	13612.0	19696.0	27346.0	37299.0	49516.0	64664.0	81402.0	105012.0	143361.0	264926.0	1770209.0	435975.0
	22.0	23.0	24.0	25.0	26.0	27.0	28.0	29.0	30.0	31.0	32.0	33.0	34.0	35.0	36.0	37.0
Lle-CNas_012.clmp.r2	18.0	754.0	8184.0	18495.0	24277.0	31022.0	40123.0	52689.0	67105.0	86126.0	110480.0	148877.0	229320.0	548869.0	1553094.0	105273.0
	21.0	22.0	23.0	24.0	25.0	26.0	27.0	28.0	29.0	30.0	31.0	32.0	33.0	34.0	35.0	36.0	37.0
Lle-CNas_013.clmp.r1	1.0	8.0	124.0	1608.0	5332.0	8268.0	12183.0	16793.0	23157.0	30585.0	39192.0	48593.0	61884.0	82955.0	152946.0	1011784.0	262931.0
	22.0	23.0	24.0	25.0	26.0	27.0	28.0	29.0	30.0	31.0	32.0	33.0	34.0	35.0	36.0	37.0
Lle-CNas_013.clmp.r2	5.0	292.0	3582.0	8625.0	11602.0	15448.0	20219.0	26679.0	34143.0	44425.0	56457.0	75120.0	114586.0	278026.0	983450.0	85685.0
	21.0	22.0	23.0	24.0	25.0	26.0	27.0	28.0	29.0	30.0	31.0	32.0	33.0	34.0	35.0	36.0	37.0
Lle-CNas_014.clmp.r1	2.0	16.0	219.0	2964.0	10293.0	15948.0	23250.0	32388.0	44228.0	57589.0	73532.0	90003.0	111483.0	145471.0	253214.0	1704404.0	497603.0
	20.0	21.0	22.0	23.0	24.0	25.0	26.0	27.0	28.0	29.0	30.0	31.0	32.0	33.0	34.0	35.0	36.0	37.0
Lle-CNas_014.clmp.r2	2.0	3.0	9.0	625.0	6834.0	16473.0	22372.0	28899.0	37839.0	49845.0	63722.0	81758.0	103719.0	132940.0	190871.0	443400.0	1726842.0	156454.0
	22.0	23.0	24.0	25.0	26.0	27.0	28.0	29.0	30.0	31.0	32.0	33.0	34.0	35.0	36.0	37.0
Lle-CNas_015.clmp.r1	19.0	168.0	2211.0	7396.0	11868.0	16460.0	22924.0	31053.0	40035.0	51000.0	63443.0	80294.0	107476.0	203956.0	1212704.0	244343.0
	22.0	23.0	24.0	25.0	26.0	27.0	28.0	29.0	30.0	31.0	32.0	33.0	34.0	35.0	36.0	37.0
Lle-CNas_015.clmp.r2	9.0	497.0	5773.0	13514.0	17786.0	22725.0	28487.0	36682.0	46218.0	59310.0	74340.0	97753.0	145869.0	354265.0	1102941.0	89181.0
	22.0	23.0	24.0	25.0	26.0	27.0	28.0	29.0	30.0	31.0	32.0	33.0	34.0	35.0	36.0	37.0
Lle-CNas_016.clmp.r1	14.0	189.0	2698.0	9516.0	14901.0	21648.0	29743.0	41345.0	54205.0	68641.0	83703.0	104875.0	136184.0	240961.0	1623438.0	468106.0
	21.0	22.0	23.0	24.0	25.0	26.0	27.0	28.0	29.0	30.0	31.0	32.0	33.0	34.0	35.0	36.0	37.0
Lle-CNas_016.clmp.r2	2.0	25.0	801.0	8268.0	18418.0	23191.0	29137.0	37238.0	48166.0	61046.0	77285.0	96418.0	123628.0	177998.0	408980.0	1623841.0	165725.0
	21.0	22.0	23.0	24.0	25.0	26.0	27.0	28.0	29.0	30.0	31.0	32.0	33.0	34.0	35.0	36.0	37.0
Lle-CNas_017.clmp.r1	2.0	42.0	478.0	5594.0	19159.0	29523.0	41737.0	57806.0	78807.0	102116.0	128955.0	159342.0	198917.0	267716.0	503531.0	2992816.0	685541.0
	20.0	21.0	22.0	23.0	24.0	25.0	26.0	27.0	28.0	29.0	30.0	31.0	32.0	33.0	34.0	35.0	36.0	37.0
Lle-CNas_017.clmp.r2	1.0	5.0	24.0	1262.0	12793.0	31775.0	42012.0	54683.0	70079.0	89937.0	113714.0	144903.0	181726.0	238892.0	357612.0	868472.0	2795223.0	268969.0
	22.0	23.0	24.0	25.0	26.0	27.0	28.0	29.0	30.0	31.0	32.0	33.0	34.0	35.0	36.0	37.0
Lle-CNas_018.clmp.r1	8.0	135.0	2124.0	7493.0	11730.0	16752.0	23527.0	31753.0	41105.0	52288.0	65169.0	81523.0	108839.0	198310.0	1318090.0	355956.0
	22.0	23.0	24.0	25.0	26.0	27.0	28.0	29.0	30.0	31.0	32.0	33.0	34.0	35.0	36.0	37.0
Lle-CNas_018.clmp.r2	12.0	465.0	5263.0	12777.0	16830.0	21439.0	27830.0	35939.0	46146.0	59238.0	75443.0	98377.0	146252.0	346357.0	1303265.0	119169.0
	21.0	22.0	23.0	24.0	25.0	26.0	27.0	28.0	29.0	30.0	31.0	32.0	33.0	34.0	35.0	36.0	37.0
Lle-CNas_019.clmp.r1	1.0	7.0	130.0	1571.0	5078.0	7907.0	11269.0	15662.0	21485.0	28073.0	35759.0	45036.0	56317.0	75276.0	135220.0	924085.0	256628.0
	21.0	22.0	23.0	24.0	25.0	26.0	27.0	28.0	29.0	30.0	31.0	32.0	33.0	34.0	35.0	36.0	37.0
Lle-CNas_019.clmp.r2	3.0	13.0	385.0	3946.0	9225.0	12218.0	15894.0	20110.0	26460.0	33290.0	43015.0	54374.0	71783.0	107428.0	263144.0	885892.0	72324.0
	21.0	22.0	23.0	24.0	25.0	26.0	27.0	28.0	29.0	30.0	31.0	32.0	33.0	34.0	35.0	36.0	37.0
Lle-CNas_020.clmp.r1	1.0	12.0	169.0	2342.0	7946.0	12297.0	17420.0	23498.0	31991.0	41429.0	52333.0	64624.0	80879.0	107249.0	194494.0	1305010.0	331464.0
	22.0	23.0	24.0	25.0	26.0	27.0	28.0	29.0	30.0	31.0	32.0	33.0	34.0	35.0	36.0	37.0
Lle-CNas_020.clmp.r2	11.0	514.0	5865.0	14048.0	17968.0	22984.0	29397.0	38052.0	47807.0	61023.0	76917.0	100862.0	150276.0	349901.0	1247815.0	109718.0
	21.0	22.0	23.0	24.0	25.0	26.0	27.0	28.0	29.0	30.0	31.0	32.0	33.0	34.0	35.0	36.0	37.0
Lle-CNas_021.clmp.r1	2.0	27.0	334.0	4085.0	13798.0	21799.0	30608.0	41643.0	56443.0	73977.0	94652.0	117669.0	147352.0	197267.0	367675.0	2385732.0	513440.0
	21.0	22.0	23.0	24.0	25.0	26.0	27.0	28.0	29.0	30.0	31.0	32.0	33.0	34.0	35.0	36.0	37.0
Lle-CNas_021.clmp.r2	5.0	24.0	1041.0	10749.0	24202.0	31636.0	40539.0	52078.0	67559.0	86407.0	109948.0	137659.0	180434.0	266367.0	635424.0	2232810.0	189621.0
	22.0	23.0	24.0	25.0	26.0	27.0	28.0	29.0	30.0	31.0	32.0	33.0	34.0	35.0	36.0	37.0
Lle-CNas_022.clmp.r1	14.0	176.0	2182.0	7137.0	11608.0	16498.0	22722.0	31025.0	40334.0	51095.0	63159.0	78768.0	103962.0	188274.0	1271284.0	350001.0
	22.0	23.0	24.0	25.0	26.0	27.0	28.0	29.0	30.0	31.0	32.0	33.0	34.0	35.0	36.0	37.0
Lle-CNas_022.clmp.r2	13.0	478.0	5079.0	12084.0	15673.0	20181.0	26130.0	34181.0	43637.0	55816.0	71030.0	93292.0	136729.0	327849.0	1279273.0	116794.0
	21.0	22.0	23.0	24.0	25.0	26.0	27.0	28.0	29.0	30.0	31.0	32.0	33.0	34.0	35.0	36.0	37.0
Lle-CNas_023.clmp.r1	1.0	31.0	253.0	3162.0	10777.0	17017.0	24173.0	34115.0	47637.0	62312.0	80673.0	100415.0	128063.0	170658.0	306262.0	2000717.0	570560.0
	21.0	22.0	23.0	24.0	25.0	26.0	27.0	28.0	29.0	30.0	31.0	32.0	33.0	34.0	35.0	36.0	37.0
Lle-CNas_023.clmp.r2	2.0	16.0	1042.0	10628.0	23048.0	30429.0	39104.0	50184.0	64986.0	83135.0	105880.0	134321.0	177538.0	267503.0	621685.0	1805468.0	141857.0
	22.0	23.0	24.0	25.0	26.0	27.0	28.0	29.0	30.0	31.0	32.0	33.0	34.0	35.0	36.0	37.0
Lle-CNas_024.clmp.r1	13.0	134.0	1975.0	6955.0	10967.0	15558.0	21327.0	29020.0	37211.0	47180.0	58185.0	71583.0	94424.0	169399.0	1111862.0	302142.0
	20.0	21.0	22.0	23.0	24.0	25.0	26.0	27.0	28.0	29.0	30.0	31.0	32.0	33.0	34.0	35.0	36.0	37.0
Lle-CNas_024.clmp.r2	1.0	2.0	11.0	417.0	4636.0	11210.0	14644.0	18713.0	23884.0	31127.0	39462.0	50912.0	64145.0	83251.0	120767.0	284751.0	1122467.0	107535.0
	21.0	22.0	23.0	24.0	25.0	26.0	27.0	28.0	29.0	30.0	31.0	32.0	33.0	34.0	35.0	36.0	37.0
Lle-CNas_025.clmp.r1	1.0	12.0	170.0	2234.0	7600.0	11659.0	16545.0	23429.0	32421.0	42429.0	55074.0	68359.0	85999.0	114370.0	205843.0	1365808.0	370179.0
	22.0	23.0	24.0	25.0	26.0	27.0	28.0	29.0	30.0	31.0	32.0	33.0	34.0	35.0	36.0	37.0
Lle-CNas_025.clmp.r2	10.0	443.0	5340.0	13218.0	17216.0	22523.0	29511.0	38547.0	50217.0	64355.0	81941.0	107123.0	157440.0	369141.0	1328369.0	116738.0
	22.0	23.0	24.0	25.0	26.0	27.0	28.0	29.0	30.0	31.0	32.0	33.0	34.0	35.0	36.0	37.0
Lle-CNas_026.clmp.r1	13.0	93.0	965.0	3067.0	4668.0	6399.0	8475.0	11425.0	14877.0	18934.0	23466.0	29919.0	40534.0	75685.0	505969.0	128263.0
	22.0	23.0	24.0	25.0	26.0	27.0	28.0	29.0	30.0	31.0	32.0	33.0	34.0	35.0	36.0	37.0
Lle-CNas_026.clmp.r2	2.0	199.0	2156.0	5058.0	6423.0	8227.0	10201.0	13177.0	16651.0	21297.0	27232.0	36549.0	55810.0	134119.0	488411.0	47240.0
	22.0	23.0	24.0	25.0	26.0	27.0	28.0	29.0	30.0	31.0	32.0	33.0	34.0	35.0	36.0	37.0
Lle-CNas_027.clmp.r1	6.0	131.0	1637.0	5996.0	9382.0	12895.0	18353.0	25540.0	33918.0	44109.0	55069.0	69691.0	92676.0	164614.0	1090562.0	305044.0
	22.0	23.0	24.0	25.0	26.0	27.0	28.0	29.0	30.0	31.0	32.0	33.0	34.0	35.0	36.0	37.0
Lle-CNas_027.clmp.r2	9.0	426.0	4688.0	11281.0	15147.0	19358.0	25037.0	33378.0	42601.0	54257.0	69285.0	90842.0	134756.0	311659.0	1031426.0	85473.0
	22.0	23.0	24.0	25.0	26.0	27.0	28.0	29.0	30.0	31.0	32.0	33.0	34.0	35.0	36.0	37.0
Lle-CNas_028.clmp.r1	15.0	146.0	2069.0	7376.0	11766.0	16920.0	23457.0	33139.0	44039.0	55964.0	69823.0	87309.0	115514.0	203826.0	1306396.0	366002.0
	21.0	22.0	23.0	24.0	25.0	26.0	27.0	28.0	29.0	30.0	31.0	32.0	33.0	34.0	35.0	36.0	37.0
Lle-CNas_028.clmp.r2	1.0	9.0	509.0	5617.0	13616.0	17972.0	23447.0	30812.0	40516.0	52481.0	67342.0	85374.0	110670.0	160393.0	365447.0	1260483.0	109072.0
	21.0	22.0	23.0	24.0	25.0	26.0	27.0	28.0	29.0	30.0	31.0	32.0	33.0	34.0	35.0	36.0	37.0
Lle-CNas_029.clmp.r1	1.0	9.0	128.0	1451.0	5085.0	7890.0	11012.0	15257.0	20700.0	26997.0	34082.0	42134.0	51814.0	68320.0	120846.0	801199.0	227496.0
	21.0	22.0	23.0	24.0	25.0	26.0	27.0	28.0	29.0	30.0	31.0	32.0	33.0	34.0	35.0	36.0	37.0
Lle-CNas_029.clmp.r2	2.0	4.0	319.0	3502.0	8128.0	10993.0	13833.0	17958.0	23373.0	30060.0	38336.0	48166.0	62927.0	90536.0	209307.0	803708.0	73269.0
	22.0	23.0	24.0	25.0	26.0	27.0	28.0	29.0	30.0	31.0	32.0	33.0	34.0	35.0	36.0	37.0
Lle-CNas_030.clmp.r1	32.0	216.0	2635.0	8958.0	13549.0	18978.0	26360.0	36063.0	47117.0	60017.0	74983.0	94685.0	126283.0	230697.0	1551906.0	402605.0
	22.0	23.0	24.0	25.0	26.0	27.0	28.0	29.0	30.0	31.0	32.0	33.0	34.0	35.0	36.0	37.0
Lle-CNas_030.clmp.r2	8.0	726.0	7114.0	16245.0	20858.0	27096.0	34278.0	44866.0	56596.0	72626.0	92814.0	122166.0	183294.0	442693.0	1458103.0	115601.0
	22.0	23.0	24.0	25.0	26.0	27.0	28.0	29.0	30.0	31.0	32.0	33.0	34.0	35.0	36.0	37.0
Lle-CNas_031.clmp.r1	4.0	85.0	1117.0	3825.0	5661.0	8266.0	11306.0	15436.0	19667.0	25086.0	30667.0	37948.0	49266.0	87335.0	553671.0	150552.0
	22.0	23.0	24.0	25.0	26.0	27.0	28.0	29.0	30.0	31.0	32.0	33.0	34.0	35.0	36.0	37.0
Lle-CNas_031.clmp.r2	7.0	246.0	2776.0	6163.0	8069.0	10114.0	12773.0	16347.0	20852.0	26625.0	33744.0	43610.0	61949.0	139429.0	560217.0	56971.0
	21.0	22.0	23.0	24.0	25.0	26.0	27.0	28.0	29.0	30.0	31.0	32.0	33.0	34.0	35.0	36.0	37.0
Lle-CNas_032.clmp.r1	1.0	5.0	122.0	1995.0	6840.0	10615.0	15018.0	20867.0	28613.0	37311.0	48121.0	58726.0	73489.0	95926.0	171873.0	1123211.0	305188.0
	21.0	22.0	23.0	24.0	25.0	26.0	27.0	28.0	29.0	30.0	31.0	32.0	33.0	34.0	35.0	36.0	37.0
Lle-CNas_032.clmp.r2	1.0	9.0	448.0	4965.0	11950.0	15742.0	20154.0	25998.0	33928.0	43412.0	55441.0	70690.0	91851.0	134422.0	319265.0	1080757.0	88888.0
	21.0	22.0	23.0	24.0	25.0	26.0	27.0	28.0	29.0	30.0	31.0	32.0	33.0	34.0	35.0	36.0	37.0
Lle-CNas_033.clmp.r1	2.0	44.0	490.0	6352.0	21490.0	32801.0	45898.0	62917.0	83667.0	107858.0	136354.0	169889.0	212462.0	288398.0	556513.0	3627932.0	711353.0
	20.0	21.0	22.0	23.0	24.0	25.0	26.0	27.0	28.0	29.0	30.0	31.0	32.0	33.0	34.0	35.0	36.0	37.0
Lle-CNas_033.clmp.r2	1.0	2.0	24.0	1485.0	16167.0	36668.0	46960.0	58881.0	73957.0	95150.0	120684.0	153388.0	194483.0	256170.0	380828.0	905413.0	3398547.0	325612.0
	22.0	23.0	24.0	25.0	26.0	27.0	28.0	29.0	30.0	31.0	32.0	33.0	34.0	35.0	36.0	37.0
Lle-CNas_034.clmp.r1	8.0	114.0	1845.0	6065.0	10010.0	14234.0	19544.0	26631.0	35048.0	44882.0	56751.0	69903.0	92201.0	165285.0	1068581.0	278920.0
	21.0	22.0	23.0	24.0	25.0	26.0	27.0	28.0	29.0	30.0	31.0	32.0	33.0	34.0	35.0	36.0	37.0
Lle-CNas_034.clmp.r2	1.0	14.0	369.0	4156.0	10421.0	13952.0	18283.0	23514.0	30872.0	39726.0	51222.0	64892.0	84740.0	123697.0	293236.0	1047122.0	83805.0
	22.0	23.0	24.0	25.0	26.0	27.0	28.0	29.0	30.0	31.0	32.0	33.0	34.0	35.0	36.0	37.0
Lle-CNas_035.clmp.r1	9.0	242.0	3173.0	10827.0	17015.0	24295.0	33611.0	46772.0	61730.0	79693.0	102401.0	131552.0	177819.0	319008.0	1945251.0	429983.0
	20.0	21.0	22.0	23.0	24.0	25.0	26.0	27.0	28.0	29.0	30.0	31.0	32.0	33.0	34.0	35.0	36.0	37.0
Lle-CNas_035.clmp.r2	1.0	3.0	13.0	1071.0	11897.0	26675.0	34542.0	44429.0	56163.0	72265.0	91791.0	116624.0	149482.0	198418.0	298084.0	650315.0	1550761.0	80847.0
	22.0	23.0	24.0	25.0	26.0	27.0	28.0	29.0	30.0	31.0	32.0	33.0	34.0	35.0	36.0	37.0
Lle-CNas_036.clmp.r1	14.0	200.0	2515.0	8263.0	13191.0	18616.0	25983.0	35666.0	45375.0	57836.0	71100.0	87888.0	116442.0	210543.0	1391665.0	356061.0
	21.0	22.0	23.0	24.0	25.0	26.0	27.0	28.0	29.0	30.0	31.0	32.0	33.0	34.0	35.0	36.0	37.0
Lle-CNas_036.clmp.r2	1.0	13.0	507.0	5447.0	13177.0	17481.0	22138.0	28582.0	37614.0	47907.0	61254.0	77921.0	101275.0	147586.0	349835.0	1403545.0	127075.0
	21.0	22.0	23.0	24.0	25.0	26.0	27.0	28.0	29.0	30.0	31.0	32.0	33.0	34.0	35.0	36.0	37.0
Lle-CNas_037.clmp.r1	1.0	25.0	232.0	2824.0	9579.0	14463.0	20369.0	27678.0	37952.0	49451.0	63202.0	78533.0	99730.0	131472.0	237390.0	1618680.0	439887.0
	22.0	23.0	24.0	25.0	26.0	27.0	28.0	29.0	30.0	31.0	32.0	33.0	34.0	35.0	36.0	37.0
Lle-CNas_037.clmp.r2	11.0	704.0	7189.0	16376.0	21433.0	27838.0	35521.0	46829.0	59144.0	75183.0	95110.0	125477.0	188730.0	457294.0	1549981.0	124648.0
	22.0	23.0	24.0	25.0	26.0	27.0	28.0	29.0	30.0	31.0	32.0	33.0	34.0	35.0	36.0	37.0
Lle-CNas_038.clmp.r1	16.0	302.0	3778.0	12757.0	19907.0	27932.0	38433.0	52569.0	68090.0	87483.0	108571.0	137152.0	186548.0	343466.0	2251291.0	557816.0
	21.0	22.0	23.0	24.0	25.0	26.0	27.0	28.0	29.0	30.0	31.0	32.0	33.0	34.0	35.0	36.0	37.0
Lle-CNas_038.clmp.r2	1.0	18.0	872.0	9897.0	23391.0	30269.0	39041.0	49337.0	64620.0	81869.0	105131.0	134635.0	177972.0	271795.0	649146.0	2089380.0	168737.0
	21.0	22.0	23.0	24.0	25.0	26.0	27.0	28.0	29.0	30.0	31.0	32.0	33.0	34.0	35.0	36.0	37.0
Lle-CNas_039.clmp.r1	1.0	10.0	159.0	2283.0	7475.0	11679.0	16545.0	22981.0	30976.0	41335.0	53042.0	66620.0	83576.0	111387.0	197314.0	1265134.0	313836.0
	22.0	23.0	24.0	25.0	26.0	27.0	28.0	29.0	30.0	31.0	32.0	33.0	34.0	35.0	36.0	37.0
Lle-CNas_039.clmp.r2	8.0	496.0	5837.0	14440.0	19108.0	24676.0	31376.0	40915.0	52208.0	65777.0	84102.0	109600.0	160373.0	365974.0	1163939.0	85524.0
	21.0	22.0	23.0	24.0	25.0	26.0	27.0	28.0	29.0	30.0	31.0	32.0	33.0	34.0	35.0	36.0	37.0
Lle-CNas_040.clmp.r1	1.0	14.0	244.0	2840.0	10055.0	15763.0	22837.0	31720.0	43282.0	56264.0	70488.0	86810.0	107175.0	141638.0	256160.0	1729183.0	545155.0
	21.0	22.0	23.0	24.0	25.0	26.0	27.0	28.0	29.0	30.0	31.0	32.0	33.0	34.0	35.0	36.0	37.0
Lle-CNas_040.clmp.r2	3.0	15.0	554.0	6452.0	15591.0	20991.0	27238.0	34910.0	45855.0	58773.0	75569.0	95039.0	124279.0	181424.0	440147.0	1790374.0	202415.0
	21.0	22.0	23.0	24.0	25.0	26.0	27.0	28.0	29.0	30.0	31.0	32.0	33.0	34.0	35.0	36.0	37.0
Lle-CNas_041.clmp.r1	1.0	19.0	188.0	3068.0	10569.0	16474.0	22989.0	31740.0	43021.0	54922.0	70367.0	86155.0	107382.0	143909.0	263520.0	1757906.0	511551.0
	21.0	22.0	23.0	24.0	25.0	26.0	27.0	28.0	29.0	30.0	31.0	32.0	33.0	34.0	35.0	36.0	37.0
Lle-CNas_041.clmp.r2	5.0	18.0	581.0	6400.0	16154.0	21472.0	27565.0	35146.0	45890.0	57988.0	74318.0	95522.0	125489.0	188042.0	460624.0	1786590.0	181977.0
	21.0	22.0	23.0	24.0	25.0	26.0	27.0	28.0	29.0	30.0	31.0	32.0	33.0	34.0	35.0	36.0	37.0
Lle-CNas_042.clmp.r1	2.0	26.0	372.0	4857.0	15995.0	24730.0	35177.0	47973.0	65249.0	84502.0	108008.0	134030.0	169911.0	233635.0	450334.0	2708090.0	515884.0
	22.0	23.0	24.0	25.0	26.0	27.0	28.0	29.0	30.0	31.0	32.0	33.0	34.0	35.0	36.0	37.0
Lle-CNas_042.clmp.r2	24.0	990.0	11966.0	29523.0	38581.0	48950.0	61835.0	79270.0	99936.0	127221.0	160810.0	213261.0	320513.0	760598.0	2435454.0	209843.0
	22.0	23.0	24.0	25.0	26.0	27.0	28.0	29.0	30.0	31.0	32.0	33.0	34.0	35.0	36.0	37.0
Lle-CNas_043.clmp.r1	4.0	45.0	681.0	2294.0	3609.0	5081.0	6937.0	9529.0	12554.0	15877.0	19669.0	24099.0	31680.0	57845.0	374599.0	106746.0
	22.0	23.0	24.0	25.0	26.0	27.0	28.0	29.0	30.0	31.0	32.0	33.0	34.0	35.0	36.0	37.0
Lle-CNas_043.clmp.r2	3.0	141.0	1523.0	3524.0	4702.0	6093.0	7738.0	10314.0	13109.0	16875.0	21688.0	28413.0	41206.0	97546.0	381456.0	36918.0
	21.0	22.0	23.0	24.0	25.0	26.0	27.0	28.0	29.0	30.0	31.0	32.0	33.0	34.0	35.0	36.0	37.0
Lle-CNas_044.clmp.r1	2.0	10.0	162.0	2375.0	8283.0	12816.0	18197.0	24925.0	33931.0	43933.0	56222.0	68438.0	86513.0	115019.0	206625.0	1348535.0	380474.0
	21.0	22.0	23.0	24.0	25.0	26.0	27.0	28.0	29.0	30.0	31.0	32.0	33.0	34.0	35.0	36.0	37.0
Lle-CNas_044.clmp.r2	1.0	15.0	535.0	5786.0	13955.0	18226.0	23353.0	29639.0	38098.0	49038.0	61898.0	78391.0	102226.0	150565.0	359139.0	1346925.0	128670.0
	21.0	22.0	23.0	24.0	25.0	26.0	27.0	28.0	29.0	30.0	31.0	32.0	33.0	34.0	35.0	36.0	37.0
Lle-CNas_045.clmp.r1	2.0	32.0	285.0	4071.0	13691.0	20708.0	29591.0	40080.0	54651.0	71101.0	91673.0	115090.0	147069.0	202011.0	387575.0	2468647.0	467860.0
	21.0	22.0	23.0	24.0	25.0	26.0	27.0	28.0	29.0	30.0	31.0	32.0	33.0	34.0	35.0	36.0	37.0
Lle-CNas_045.clmp.r2	2.0	11.0	976.0	10610.0	24397.0	31737.0	40288.0	51876.0	67369.0	86416.0	110626.0	141312.0	190234.0	291884.0	690869.0	2205992.0	169538.0
	21.0	22.0	23.0	24.0	25.0	26.0	27.0	28.0	29.0	30.0	31.0	32.0	33.0	34.0	35.0	36.0	37.0
Lle-CNas_046.clmp.r1	1.0	9.0	142.0	2033.0	7075.0	11096.0	15488.0	22271.0	30432.0	39537.0	51044.0	62569.0	78044.0	103164.0	180160.0	1207452.0	343588.0
	21.0	22.0	23.0	24.0	25.0	26.0	27.0	28.0	29.0	30.0	31.0	32.0	33.0	34.0	35.0	36.0	37.0
Lle-CNas_046.clmp.r2	1.0	13.0	499.0	5452.0	12637.0	16748.0	21465.0	27954.0	36382.0	46811.0	59394.0	75269.0	97652.0	142982.0	328280.0	1183249.0	99317.0
	21.0	22.0	23.0	24.0	25.0	26.0	27.0	28.0	29.0	30.0	31.0	32.0	33.0	34.0	35.0	36.0	37.0
Lle-CNas_047.clmp.r1	1.0	10.0	161.0	1748.0	5774.0	9163.0	13056.0	18053.0	24722.0	32730.0	42631.0	52297.0	65405.0	87225.0	153583.0	966425.0	269217.0
	21.0	22.0	23.0	24.0	25.0	26.0	27.0	28.0	29.0	30.0	31.0	32.0	33.0	34.0	35.0	36.0	37.0
Lle-CNas_047.clmp.r2	2.0	6.0	520.0	5272.0	11779.0	14992.0	19618.0	25264.0	32405.0	41107.0	52335.0	65869.0	85471.0	126005.0	290443.0	900819.0	70294.0
	21.0	22.0	23.0	24.0	25.0	26.0	27.0	28.0	29.0	30.0	31.0	32.0	33.0	34.0	35.0	36.0	37.0
Lle-CNas_048.clmp.r1	1.0	17.0	231.0	2270.0	7614.0	11613.0	16705.0	23366.0	31674.0	41486.0	53290.0	65653.0	81506.0	107898.0	189228.0	1246967.0	347621.0
	21.0	22.0	23.0	24.0	25.0	26.0	27.0	28.0	29.0	30.0	31.0	32.0	33.0	34.0	35.0	36.0	37.0
Lle-CNas_048.clmp.r2	1.0	12.0	491.0	5712.0	12998.0	17301.0	22385.0	28810.0	38097.0	48312.0	61427.0	77558.0	100626.0	146857.0	353283.0	1214015.0	99255.0
	22.0	23.0	24.0	25.0	26.0	27.0	28.0	29.0	30.0	31.0	32.0	33.0	34.0	35.0	36.0	37.0
Lle-CNas_049.clmp.r1	9.0	99.0	1450.0	5215.0	7879.0	11389.0	15875.0	21924.0	28530.0	37082.0	45968.0	57019.0	75213.0	131472.0	873475.0	248703.0
	22.0	23.0	24.0	25.0	26.0	27.0	28.0	29.0	30.0	31.0	32.0	33.0	34.0	35.0	36.0	37.0
Lle-CNas_049.clmp.r2	9.0	338.0	3636.0	8522.0	11174.0	14725.0	18959.0	25063.0	32698.0	42065.0	53387.0	69134.0	101337.0	234855.0	871619.0	73781.0
	22.0	23.0	24.0	25.0	26.0	27.0	28.0	29.0	30.0	31.0	32.0	33.0	34.0	35.0	36.0	37.0
Lle-CNas_050.clmp.r1	18.0	156.0	2123.0	7294.0	11205.0	16421.0	22712.0	31437.0	41092.0	52664.0	64952.0	81566.0	106618.0	188778.0	1238932.0	358955.0
	20.0	21.0	22.0	23.0	24.0	25.0	26.0	27.0	28.0	29.0	30.0	31.0	32.0	33.0	34.0	35.0	36.0	37.0
Lle-CNas_050.clmp.r2	1.0	2.0	12.0	524.0	5317.0	12548.0	16546.0	21601.0	28049.0	36331.0	46920.0	60459.0	77079.0	99954.0	145550.0	334163.0	1229271.0	110596.0
	21.0	22.0	23.0	24.0	25.0	26.0	27.0	28.0	29.0	30.0	31.0	32.0	33.0	34.0	35.0	36.0	37.0
Lle-CNas_051.clmp.r1	1.0	10.0	133.0	1842.0	6188.0	9762.0	13900.0	19167.0	26845.0	34457.0	45079.0	57156.0	73619.0	101063.0	191174.0	1128934.0	202321.0
	22.0	23.0	24.0	25.0	26.0	27.0	28.0	29.0	30.0	31.0	32.0	33.0	34.0	35.0	36.0	37.0
Lle-CNas_051.clmp.r2	7.0	413.0	4827.0	11773.0	15543.0	20582.0	26272.0	34548.0	44195.0	56548.0	72252.0	96467.0	146403.0	346795.0	973392.0	61634.0
	21.0	22.0	23.0	24.0	25.0	26.0	27.0	28.0	29.0	30.0	31.0	32.0	33.0	34.0	35.0	36.0	37.0
Lle-CNas_052.clmp.r1	1.0	6.0	74.0	1011.0	3340.0	5273.0	7552.0	10010.0	13596.0	17843.0	22967.0	29272.0	37609.0	51704.0	100727.0	612489.0	118277.0
	22.0	23.0	24.0	25.0	26.0	27.0	28.0	29.0	30.0	31.0	32.0	33.0	34.0	35.0	36.0	37.0
Lle-CNas_052.clmp.r2	1.0	242.0	2595.0	6197.0	8081.0	10264.0	13419.0	17256.0	21706.0	27990.0	35931.0	48201.0	74844.0	179705.0	543435.0	41884.0
	22.0	23.0	24.0	25.0	26.0	27.0	28.0	29.0	30.0	31.0	32.0	33.0	34.0	35.0	36.0	37.0
Lle-CNas_053.clmp.r1	15.0	153.0	2077.0	6873.0	11031.0	15861.0	22253.0	30653.0	40262.0	51805.0	63953.0	80601.0	107095.0	188864.0	1304302.0	388958.0
	21.0	22.0	23.0	24.0	25.0	26.0	27.0	28.0	29.0	30.0	31.0	32.0	33.0	34.0	35.0	36.0	37.0
Lle-CNas_053.clmp.r2	2.0	9.0	431.0	4672.0	11601.0	15719.0	20435.0	27062.0	35537.0	46202.0	59565.0	75729.0	99592.0	146988.0	357245.0	1303944.0	110023.0
	22.0	23.0	24.0	25.0	26.0	27.0	28.0	29.0	30.0	31.0	32.0	33.0	34.0	35.0	36.0	37.0
Lle-CNas_054.clmp.r1	19.0	281.0	3523.0	12201.0	18833.0	26517.0	36074.0	48796.0	63560.0	80575.0	99265.0	123433.0	163073.0	283305.0	1865423.0	589309.0
	21.0	22.0	23.0	24.0	25.0	26.0	27.0	28.0	29.0	30.0	31.0	32.0	33.0	34.0	35.0	36.0	37.0
Lle-CNas_054.clmp.r2	3.0	18.0	765.0	8227.0	19559.0	25752.0	33382.0	43407.0	55809.0	70850.0	90196.0	113387.0	147121.0	213313.0	504241.0	1901484.0	186673.0
	21.0	22.0	23.0	24.0	25.0	26.0	27.0	28.0	29.0	30.0	31.0	32.0	33.0	34.0	35.0	36.0	37.0
Lle-CNas_055.clmp.r1	1.0	16.0	140.0	1926.0	6538.0	10204.0	14532.0	20141.0	27799.0	36450.0	46256.0	57242.0	71914.0	94224.0	166959.0	1089677.0	316513.0
	21.0	22.0	23.0	24.0	25.0	26.0	27.0	28.0	29.0	30.0	31.0	32.0	33.0	34.0	35.0	36.0	37.0
Lle-CNas_055.clmp.r2	1.0	5.0	432.0	4757.0	10950.0	14619.0	19067.0	24513.0	32214.0	41602.0	53413.0	66974.0	87759.0	129515.0	303949.0	1076891.0	93871.0
	21.0	22.0	23.0	24.0	25.0	26.0	27.0	28.0	29.0	30.0	31.0	32.0	33.0	34.0	35.0	36.0	37.0
Lle-CNas_056.clmp.r1	2.0	30.0	408.0	5175.0	17378.0	26533.0	36915.0	50398.0	68816.0	89239.0	116227.0	144913.0	185828.0	252988.0	480515.0	3071015.0	581733.0
	21.0	22.0	23.0	24.0	25.0	26.0	27.0	28.0	29.0	30.0	31.0	32.0	33.0	34.0	35.0	36.0	37.0
Lle-CNas_056.clmp.r2	1.0	11.0	1146.0	13199.0	31432.0	40749.0	51712.0	66205.0	86602.0	109957.0	140532.0	179541.0	238666.0	364386.0	863935.0	2740003.0	200036.0
	22.0	23.0	24.0	25.0	26.0	27.0	28.0	29.0	30.0	31.0	32.0	33.0	34.0	35.0	36.0	37.0
Lle-CNas_057.clmp.r1	3.0	182.0	2119.0	7420.0	11861.0	17187.0	23817.0	32896.0	42507.0	54632.0	67385.0	83900.0	109850.0	192488.0	1310423.0	399203.0
	21.0	22.0	23.0	24.0	25.0	26.0	27.0	28.0	29.0	30.0	31.0	32.0	33.0	34.0	35.0	36.0	37.0
Lle-CNas_057.clmp.r2	2.0	12.0	506.0	5506.0	12899.0	17044.0	22515.0	29227.0	37871.0	48559.0	62163.0	78318.0	101485.0	147562.0	348287.0	1325527.0	118390.0
	22.0	23.0	24.0	25.0	26.0	27.0	28.0	29.0	30.0	31.0	32.0	33.0	34.0	35.0	36.0	37.0
Lle-CNas_058.clmp.r1	5.0	161.0	2071.0	7643.0	11934.0	17133.0	23893.0	32740.0	43151.0	55524.0	67886.0	84620.0	109967.0	191077.0	1278701.0	405612.0
	21.0	22.0	23.0	24.0	25.0	26.0	27.0	28.0	29.0	30.0	31.0	32.0	33.0	34.0	35.0	36.0	37.0
Lle-CNas_058.clmp.r2	2.0	9.0	495.0	5383.0	13054.0	17052.0	22458.0	29718.0	38413.0	49511.0	63388.0	80576.0	104156.0	151349.0	351019.0	1291533.0	114002.0
	22.0	23.0	24.0	25.0	26.0	27.0	28.0	29.0	30.0	31.0	32.0	33.0	34.0	35.0	36.0	37.0
Lle-CNas_059.clmp.r1	16.0	174.0	2360.0	7721.0	12346.0	17764.0	25034.0	34439.0	45785.0	59084.0	73758.0	92157.0	121757.0	214758.0	1423923.0	401204.0
	21.0	22.0	23.0	24.0	25.0	26.0	27.0	28.0	29.0	30.0	31.0	32.0	33.0	34.0	35.0	36.0	37.0
Lle-CNas_059.clmp.r2	1.0	11.0	491.0	6215.0	15106.0	20373.0	27027.0	34945.0	45986.0	58056.0	75071.0	95303.0	123904.0	182493.0	425063.0	1323011.0	99224.0
	22.0	23.0	24.0	25.0	26.0	27.0	28.0	29.0	30.0	31.0	32.0	33.0	34.0	35.0	36.0	37.0
Lle-CNas_060.clmp.r1	9.0	159.0	1802.0	6155.0	9590.0	13637.0	18508.0	24972.0	32317.0	41288.0	51028.0	63277.0	84099.0	151480.0	990805.0	255285.0
	21.0	22.0	23.0	24.0	25.0	26.0	27.0	28.0	29.0	30.0	31.0	32.0	33.0	34.0	35.0	36.0	37.0
Lle-CNas_060.clmp.r2	2.0	6.0	444.0	4779.0	11193.0	14465.0	18207.0	22853.0	29583.0	37183.0	47722.0	60132.0	78790.0	116820.0	277557.0	947258.0	77417.0
	22.0	23.0	24.0	25.0	26.0	27.0	28.0	29.0	30.0	31.0	32.0	33.0	34.0	35.0	36.0	37.0
Lle-CNas_061.clmp.r1	11.0	104.0	1189.0	3704.0	5715.0	8371.0	11505.0	15778.0	21251.0	27358.0	34608.0	44379.0	59458.0	110082.0	718567.0	180769.0
	21.0	22.0	23.0	24.0	25.0	26.0	27.0	28.0	29.0	30.0	31.0	32.0	33.0	34.0	35.0	36.0	37.0
Lle-CNas_061.clmp.r2	1.0	8.0	290.0	3007.0	6823.0	8808.0	11588.0	14914.0	19456.0	25086.0	33048.0	42745.0	57056.0	86733.0	205762.0	673916.0	53608.0
	21.0	22.0	23.0	24.0	25.0	26.0	27.0	28.0	29.0	30.0	31.0	32.0	33.0	34.0	35.0	36.0	37.0
Lle-CNas_062.clmp.r1	1.0	10.0	124.0	1562.0	5348.0	8312.0	11798.0	16591.0	22877.0	29850.0	38390.0	47942.0	60182.0	79912.0	144125.0	996679.0	280824.0
	21.0	22.0	23.0	24.0	25.0	26.0	27.0	28.0	29.0	30.0	31.0	32.0	33.0	34.0	35.0	36.0	37.0
Lle-CNas_062.clmp.r2	2.0	5.0	440.0	4444.0	9896.0	12866.0	16149.0	21190.0	27551.0	34674.0	44964.0	56750.0	74597.0	111441.0	261790.0	980378.0	87390.0
	21.0	22.0	23.0	24.0	25.0	26.0	27.0	28.0	29.0	30.0	31.0	32.0	33.0	34.0	35.0	36.0	37.0
Lle-CNas_063.clmp.r1	1.0	8.0	109.0	1255.0	4341.0	6616.0	8940.0	12072.0	16319.0	21419.0	27554.0	33673.0	42342.0	57726.0	107545.0	739901.0	211250.0
	21.0	22.0	23.0	24.0	25.0	26.0	27.0	28.0	29.0	30.0	31.0	32.0	33.0	34.0	35.0	36.0	37.0
Lle-CNas_063.clmp.r2	2.0	4.0	248.0	2916.0	6927.0	8889.0	11038.0	13958.0	18123.0	23277.0	30507.0	39286.0	52303.0	79421.0	193378.0	737856.0	72938.0
	22.0	23.0	24.0	25.0	26.0	27.0	28.0	29.0	30.0	31.0	32.0	33.0	34.0	35.0	36.0	37.0
Lle-CNas_064.clmp.r1	5.0	92.0	1227.0	4179.0	6427.0	9093.0	12542.0	17386.0	22413.0	28770.0	36090.0	45916.0	61775.0	113642.0	760513.0	200388.0
	21.0	22.0	23.0	24.0	25.0	26.0	27.0	28.0	29.0	30.0	31.0	32.0	33.0	34.0	35.0	36.0	37.0
Lle-CNas_064.clmp.r2	1.0	6.0	328.0	3346.0	7575.0	9789.0	12503.0	15636.0	20515.0	26520.0	34017.0	43069.0	56755.0	85496.0	204085.0	737307.0	63510.0
	22.0	23.0	24.0	25.0	26.0	27.0	28.0	29.0	30.0	31.0	32.0	33.0	34.0	35.0	36.0	37.0
Lle-CNas_065.clmp.r1	20.0	149.0	2271.0	7483.0	11745.0	16848.0	23297.0	32166.0	42144.0	54580.0	67441.0	85046.0	112204.0	201046.0	1376761.0	386987.0
	21.0	22.0	23.0	24.0	25.0	26.0	27.0	28.0	29.0	30.0	31.0	32.0	33.0	34.0	35.0	36.0	37.0
Lle-CNas_065.clmp.r2	5.0	17.0	507.0	5378.0	13072.0	17181.0	22374.0	29327.0	38162.0	49347.0	63531.0	80581.0	105475.0	157388.0	371996.0	1353443.0	112404.0
	22.0	23.0	24.0	25.0	26.0	27.0	28.0	29.0	30.0	31.0	32.0	33.0	34.0	35.0	36.0	37.0
Lle-CNas_066.clmp.r1	7.0	69.0	1022.0	3657.0	5694.0	7825.0	10999.0	14844.0	19212.0	24455.0	30574.0	38433.0	51784.0	96247.0	647780.0	163528.0
	22.0	23.0	24.0	25.0	26.0	27.0	28.0	29.0	30.0	31.0	32.0	33.0	34.0	35.0	36.0	37.0
Lle-CNas_066.clmp.r2	3.0	289.0	2992.0	6787.0	8700.0	11050.0	14147.0	18121.0	22623.0	29239.0	36809.0	49146.0	75208.0	180765.0	609258.0	50993.0
	22.0	23.0	24.0	25.0	26.0	27.0	28.0	29.0	30.0	31.0	32.0	33.0	34.0	35.0	36.0	37.0
Lle-CNas_067.clmp.r1	12.0	194.0	2095.0	7168.0	11282.0	15825.0	22162.0	29885.0	38819.0	49401.0	60471.0	75074.0	98036.0	172366.0	1150737.0	343286.0
	21.0	22.0	23.0	24.0	25.0	26.0	27.0	28.0	29.0	30.0	31.0	32.0	33.0	34.0	35.0	36.0	37.0
Lle-CNas_067.clmp.r2	2.0	12.0	454.0	5073.0	12108.0	16188.0	20960.0	27164.0	35205.0	44884.0	57306.0	72184.0	93152.0	135348.0	321256.0	1134859.0	100658.0
	22.0	23.0	24.0	25.0	26.0	27.0	28.0	29.0	30.0	31.0	32.0	33.0	34.0	35.0	36.0	37.0
Lle-CNas_068.clmp.r1	35.0	478.0	6679.0	22356.0	34065.0	47626.0	64051.0	86741.0	112710.0	144240.0	181722.0	229551.0	316828.0	614175.0	3926922.0	699524.0
	22.0	23.0	24.0	25.0	26.0	27.0	28.0	29.0	30.0	31.0	32.0	33.0	34.0	35.0	36.0	37.0
Lle-CNas_068.clmp.r2	25.0	1501.0	17710.0	40507.0	52407.0	66578.0	83349.0	107380.0	136363.0	173848.0	222681.0	298079.0	457365.0	1091497.0	3483977.0	254436.0
	22.0	23.0	24.0	25.0	26.0	27.0	28.0	29.0	30.0	31.0	32.0	33.0	34.0	35.0	36.0	37.0
Lle-CNas_069.clmp.r1	10.0	99.0	1600.0	5523.0	8784.0	12376.0	17454.0	23553.0	31073.0	39372.0	48424.0	59697.0	78196.0	137058.0	894815.0	257002.0
	21.0	22.0	23.0	24.0	25.0	26.0	27.0	28.0	29.0	30.0	31.0	32.0	33.0	34.0	35.0	36.0	37.0
Lle-CNas_069.clmp.r2	1.0	9.0	347.0	4290.0	9967.0	12928.0	16407.0	21210.0	27051.0	35247.0	44714.0	56485.0	72938.0	105231.0	242810.0	888181.0	77220.0
	22.0	23.0	24.0	25.0	26.0	27.0	28.0	29.0	30.0	31.0	32.0	33.0	34.0	35.0	36.0	37.0
Lle-CNas_070.clmp.r1	7.0	139.0	1977.0	6581.0	10434.0	14781.0	20641.0	28337.0	36970.0	47730.0	59147.0	72061.0	94882.0	163177.0	1084612.0	339246.0
	21.0	22.0	23.0	24.0	25.0	26.0	27.0	28.0	29.0	30.0	31.0	32.0	33.0	34.0	35.0	36.0	37.0
Lle-CNas_070.clmp.r2	1.0	10.0	487.0	4929.0	11539.0	15134.0	19760.0	25575.0	33705.0	43121.0	55160.0	69365.0	89029.0	129022.0	296488.0	1090984.0	96413.0
	21.0	22.0	23.0	24.0	25.0	26.0	27.0	28.0	29.0	30.0	31.0	32.0	33.0	34.0	35.0	36.0	37.0
Lle-CNas_071.clmp.r1	2.0	17.0	155.0	1828.0	6176.0	9703.0	13802.0	19227.0	26946.0	35990.0	46266.0	58281.0	74323.0	98442.0	174925.0	1158349.0	331721.0
	20.0	21.0	22.0	23.0	24.0	25.0	26.0	27.0	28.0	29.0	30.0	31.0	32.0	33.0	34.0	35.0	36.0	37.0
Lle-CNas_071.clmp.r2	1.0	1.0	7.0	453.0	4769.0	11835.0	16076.0	21344.0	27768.0	36775.0	46824.0	60699.0	76822.0	101701.0	152201.0	359446.0	1064752.0	74679.0
	22.0	23.0	24.0	25.0	26.0	27.0	28.0	29.0	30.0	31.0	32.0	33.0	34.0	35.0	36.0	37.0
Lle-CNas_072.clmp.r1	15.0	208.0	2539.0	8473.0	12931.0	18413.0	24886.0	33957.0	43785.0	56215.0	69112.0	86593.0	114375.0	204896.0	1321464.0	326414.0
	21.0	22.0	23.0	24.0	25.0	26.0	27.0	28.0	29.0	30.0	31.0	32.0	33.0	34.0	35.0	36.0	37.0
Lle-CNas_072.clmp.r2	2.0	6.0	520.0	5800.0	13950.0	18471.0	23566.0	30451.0	39635.0	50190.0	63996.0	80168.0	105341.0	155816.0	369083.0	1269018.0	98263.0
	22.0	23.0	24.0	25.0	26.0	27.0	28.0	29.0	30.0	31.0	32.0	33.0	34.0	35.0	36.0	37.0
Lle-CNas_073.clmp.r1	13.0	170.0	2139.0	7436.0	11881.0	17008.0	23470.0	32406.0	42362.0	53457.0	67304.0	83275.0	111053.0	201044.0	1319658.0	333729.0
	22.0	23.0	24.0	25.0	26.0	27.0	28.0	29.0	30.0	31.0	32.0	33.0	34.0	35.0	36.0	37.0
Lle-CNas_073.clmp.r2	12.0	471.0	5438.0	13500.0	17772.0	22869.0	28853.0	37786.0	48081.0	61547.0	78612.0	103250.0	151349.0	353867.0	1272599.0	110399.0
	22.0	23.0	24.0	25.0	26.0	27.0	28.0	29.0	30.0	31.0	32.0	33.0	34.0	35.0	36.0	37.0
Lle-CNas_074.clmp.r1	6.0	169.0	2067.0	7402.0	11826.0	16770.0	23071.0	32114.0	41496.0	53080.0	65456.0	80591.0	106256.0	188382.0	1235220.0	338628.0
	21.0	22.0	23.0	24.0	25.0	26.0	27.0	28.0	29.0	30.0	31.0	32.0	33.0	34.0	35.0	36.0	37.0
Lle-CNas_074.clmp.r2	2.0	11.0	432.0	5347.0	12927.0	16705.0	21607.0	27665.0	35683.0	45482.0	58335.0	73624.0	95303.0	137408.0	310430.0	1236142.0	125431.0
	22.0	23.0	24.0	25.0	26.0	27.0	28.0	29.0	30.0	31.0	32.0	33.0	34.0	35.0	36.0	37.0
Lle-CNas_075.clmp.r1	18.0	197.0	2294.0	7727.0	12367.0	17493.0	24296.0	33729.0	43912.0	56370.0	70369.0	86835.0	112045.0	194670.0	1255661.0	372151.0
	21.0	22.0	23.0	24.0	25.0	26.0	27.0	28.0	29.0	30.0	31.0	32.0	33.0	34.0	35.0	36.0	37.0
Lle-CNas_075.clmp.r2	1.0	9.0	506.0	5651.0	13915.0	18879.0	24320.0	31384.0	41040.0	52355.0	66361.0	84325.0	108435.0	154404.0	344215.0	1232158.0	112176.0
	22.0	23.0	24.0	25.0	26.0	27.0	28.0	29.0	30.0	31.0	32.0	33.0	34.0	35.0	36.0	37.0
Lle-CNas_076.clmp.r1	18.0	196.0	2449.0	8292.0	12951.0	18704.0	25656.0	34871.0	45354.0	57454.0	70857.0	89275.0	117455.0	214019.0	1417463.0	365105.0
	21.0	22.0	23.0	24.0	25.0	26.0	27.0	28.0	29.0	30.0	31.0	32.0	33.0	34.0	35.0	36.0	37.0
Lle-CNas_076.clmp.r2	1.0	6.0	516.0	6212.0	14587.0	19248.0	24418.0	30816.0	40204.0	51380.0	65799.0	82706.0	107589.0	158171.0	374697.0	1384109.0	119660.0
	22.0	23.0	24.0	25.0	26.0	27.0	28.0	29.0	30.0	31.0	32.0	33.0	34.0	35.0	36.0	37.0
Lle-CNas_077.clmp.r1	16.0	124.0	1802.0	6134.0	9652.0	13383.0	18245.0	25399.0	32586.0	41638.0	52132.0	64312.0	85604.0	152270.0	1024681.0	289947.0
	20.0	21.0	22.0	23.0	24.0	25.0	26.0	27.0	28.0	29.0	30.0	31.0	32.0	33.0	34.0	35.0	36.0	37.0
Lle-CNas_077.clmp.r2	1.0	3.0	7.0	400.0	4339.0	10332.0	13539.0	17505.0	22602.0	29675.0	37718.0	48271.0	60531.0	78702.0	116313.0	274168.0	1015723.0	88096.0
	21.0	22.0	23.0	24.0	25.0	26.0	27.0	28.0	29.0	30.0	31.0	32.0	33.0	34.0	35.0	36.0	37.0
Lle-CNas_078.clmp.r1	2.0	8.0	146.0	2198.0	7280.0	11182.0	16026.0	22115.0	30165.0	38805.0	49306.0	60431.0	74933.0	97883.0	175289.0	1157547.0	316361.0
	21.0	22.0	23.0	24.0	25.0	26.0	27.0	28.0	29.0	30.0	31.0	32.0	33.0	34.0	35.0	36.0	37.0
Lle-CNas_078.clmp.r2	1.0	11.0	463.0	5127.0	11996.0	15654.0	20370.0	25966.0	33956.0	42982.0	54946.0	70101.0	89694.0	132323.0	314495.0	1140769.0	100823.0
	22.0	23.0	24.0	25.0	26.0	27.0	28.0	29.0	30.0	31.0	32.0	33.0	34.0	35.0	36.0	37.0
Lle-CNas_079.clmp.r1	14.0	266.0	3140.0	10308.0	15783.0	22923.0	31294.0	42474.0	55332.0	70966.0	89020.0	112977.0	151263.0	276493.0	1796647.0	454771.0
	21.0	22.0	23.0	24.0	25.0	26.0	27.0	28.0	29.0	30.0	31.0	32.0	33.0	34.0	35.0	36.0	37.0
Lle-CNas_079.clmp.r2	4.0	11.0	801.0	8047.0	18411.0	23778.0	30552.0	39125.0	50748.0	64964.0	83805.0	106648.0	141537.0	212439.0	499096.0	1708791.0	144914.0
	21.0	22.0	23.0	24.0	25.0	26.0	27.0	28.0	29.0	30.0	31.0	32.0	33.0	34.0	35.0	36.0	37.0
Lle-CNas_080.clmp.r1	2.0	25.0	178.0	2108.0	7006.0	10873.0	15177.0	20712.0	28187.0	36759.0	47212.0	59103.0	75284.0	102024.0	195075.0	1221671.0	227277.0
	21.0	22.0	23.0	24.0	25.0	26.0	27.0	28.0	29.0	30.0	31.0	32.0	33.0	34.0	35.0	36.0	37.0
Lle-CNas_080.clmp.r2	1.0	11.0	508.0	5420.0	12386.0	15926.0	20383.0	26274.0	33915.0	42510.0	54764.0	69736.0	92053.0	139449.0	329981.0	1116935.0	88421.0
	21.0	22.0	23.0	24.0	25.0	26.0	27.0	28.0	29.0	30.0	31.0	32.0	33.0	34.0	35.0	36.0	37.0
Lle-CNas_081.clmp.r1	1.0	16.0	228.0	3166.0	11168.0	17403.0	24811.0	34616.0	47062.0	60557.0	76724.0	94506.0	116421.0	152385.0	265577.0	1723997.0	484336.0
	19.0	20.0	21.0	22.0	23.0	24.0	25.0	26.0	27.0	28.0	29.0	30.0	31.0	32.0	33.0	34.0	35.0	36.0	37.0
Lle-CNas_081.clmp.r2	1.0	0.0	3.0	9.0	755.0	7948.0	18856.0	24587.0	31990.0	40926.0	52788.0	67399.0	85896.0	107872.0	139113.0	201263.0	463525.0	1718395.0	151648.0
	22.0	23.0	24.0	25.0	26.0	27.0	28.0	29.0	30.0	31.0	32.0	33.0	34.0	35.0	36.0	37.0
Lle-CNas_082.clmp.r1	5.0	139.0	1997.0	7005.0	10921.0	15684.0	21722.0	29458.0	38385.0	48004.0	59491.0	73805.0	95097.0	168467.0	1125873.0	332990.0
	21.0	22.0	23.0	24.0	25.0	26.0	27.0	28.0	29.0	30.0	31.0	32.0	33.0	34.0	35.0	36.0	37.0
Lle-CNas_082.clmp.r2	2.0	4.0	420.0	4965.0	11899.0	15582.0	19879.0	25798.0	33255.0	42146.0	53757.0	68138.0	87689.0	125794.0	287754.0	1139243.0	112718.0
	21.0	22.0	23.0	24.0	25.0	26.0	27.0	28.0	29.0	30.0	31.0	32.0	33.0	34.0	35.0	36.0	37.0
Lle-CNas_083.clmp.r1	4.0	23.0	244.0	2921.0	9959.0	15221.0	21633.0	29763.0	41374.0	54544.0	70345.0	87962.0	110426.0	145746.0	255039.0	1670993.0	478403.0
	21.0	22.0	23.0	24.0	25.0	26.0	27.0	28.0	29.0	30.0	31.0	32.0	33.0	34.0	35.0	36.0	37.0
Lle-CNas_083.clmp.r2	2.0	18.0	629.0	7369.0	18310.0	24906.0	32814.0	42714.0	56334.0	71294.0	90419.0	114496.0	149424.0	220628.0	513838.0	1540380.0	111025.0
	21.0	22.0	23.0	24.0	25.0	26.0	27.0	28.0	29.0	30.0	31.0	32.0	33.0	34.0	35.0	36.0	37.0
Lle-CNas_084.clmp.r1	2.0	17.0	205.0	2827.0	9453.0	14413.0	20414.0	27935.0	38148.0	49653.0	63552.0	79356.0	99876.0	133433.0	239415.0	1572087.0	410073.0
	22.0	23.0	24.0	25.0	26.0	27.0	28.0	29.0	30.0	31.0	32.0	33.0	34.0	35.0	36.0	37.0
Lle-CNas_084.clmp.r2	15.0	755.0	7601.0	17099.0	22551.0	28878.0	37209.0	48053.0	60375.0	77694.0	97403.0	128130.0	190613.0	445459.0	1479422.0	119602.0
	22.0	23.0	24.0	25.0	26.0	27.0	28.0	29.0	30.0	31.0	32.0	33.0	34.0	35.0	36.0	37.0
Lle-CNas_085.clmp.r1	15.0	188.0	2424.0	8441.0	13265.0	18783.0	25868.0	35515.0	46532.0	59095.0	73179.0	91103.0	120811.0	219293.0	1444577.0	371136.0
	21.0	22.0	23.0	24.0	25.0	26.0	27.0	28.0	29.0	30.0	31.0	32.0	33.0	34.0	35.0	36.0	37.0
Lle-CNas_085.clmp.r2	1.0	12.0	465.0	5360.0	13544.0	18196.0	23074.0	30520.0	39139.0	50749.0	64539.0	82028.0	106828.0	156275.0	368961.0	1437663.0	132871.0
	22.0	23.0	24.0	25.0	26.0	27.0	28.0	29.0	30.0	31.0	32.0	33.0	34.0	35.0	36.0	37.0
Lle-CNas_086.clmp.r1	11.0	137.0	1787.0	6372.0	10002.0	14262.0	19786.0	27487.0	35707.0	45488.0	56616.0	70956.0	94991.0	170745.0	1111760.0	292835.0
	22.0	23.0	24.0	25.0	26.0	27.0	28.0	29.0	30.0	31.0	32.0	33.0	34.0	35.0	36.0	37.0
Lle-CNas_086.clmp.r2	12.0	388.0	4496.0	10800.0	14403.0	18521.0	23762.0	31296.0	40308.0	51979.0	66293.0	86505.0	126835.0	296084.0	1089265.0	97995.0
	21.0	22.0	23.0	24.0	25.0	26.0	27.0	28.0	29.0	30.0	31.0	32.0	33.0	34.0	35.0	36.0	37.0
Lle-CNas_087.clmp.r1	1.0	11.0	149.0	1858.0	6645.0	10169.0	14907.0	20781.0	28975.0	38013.0	49488.0	62034.0	77395.0	101528.0	174328.0	1135473.0	344906.0
	21.0	22.0	23.0	24.0	25.0	26.0	27.0	28.0	29.0	30.0	31.0	32.0	33.0	34.0	35.0	36.0	37.0
Lle-CNas_087.clmp.r2	1.0	19.0	499.0	5164.0	12190.0	16212.0	21806.0	28323.0	37424.0	47768.0	61711.0	78437.0	101036.0	146456.0	327144.0	1093204.0	89267.0
	22.0	23.0	24.0	25.0	26.0	27.0	28.0	29.0	30.0	31.0	32.0	33.0	34.0	35.0	36.0	37.0
Lle-CNas_088.clmp.r1	6.0	162.0	2323.0	8024.0	12125.0	17340.0	23771.0	32260.0	42090.0	53679.0	66780.0	84087.0	113225.0	204658.0	1340933.0	323323.0
	22.0	23.0	24.0	25.0	26.0	27.0	28.0	29.0	30.0	31.0	32.0	33.0	34.0	35.0	36.0	37.0
Lle-CNas_088.clmp.r2	16.0	504.0	5654.0	13560.0	17747.0	22848.0	29293.0	37981.0	48501.0	62040.0	78880.0	103737.0	154404.0	362586.0	1284344.0	102691.0
	21.0	22.0	23.0	24.0	25.0	26.0	27.0	28.0	29.0	30.0	31.0	32.0	33.0	34.0	35.0	36.0	37.0
Lle-CNas_089.clmp.r1	1.0	8.0	159.0	2070.0	7064.0	11001.0	15447.0	21280.0	29049.0	37632.0	48300.0	58839.0	73433.0	96787.0	173235.0	1148205.0	303212.0
	21.0	22.0	23.0	24.0	25.0	26.0	27.0	28.0	29.0	30.0	31.0	32.0	33.0	34.0	35.0	36.0	37.0
Lle-CNas_089.clmp.r2	2.0	10.0	427.0	4880.0	12007.0	15720.0	20243.0	25698.0	33090.0	42180.0	53816.0	68149.0	88025.0	128137.0	292010.0	1136018.0	105310.0
	21.0	22.0	23.0	24.0	25.0	26.0	27.0	28.0	29.0	30.0	31.0	32.0	33.0	34.0	35.0	36.0	37.0
Lle-CNas_090.clmp.r1	1.0	9.0	155.0	2119.0	7258.0	11109.0	15786.0	21342.0	29978.0	38683.0	50274.0	62949.0	79423.0	106536.0	193651.0	1207168.0	285457.0
	22.0	23.0	24.0	25.0	26.0	27.0	28.0	29.0	30.0	31.0	32.0	33.0	34.0	35.0	36.0	37.0
Lle-CNas_090.clmp.r2	14.0	483.0	5293.0	12363.0	16400.0	21288.0	27499.0	35827.0	45572.0	59034.0	75776.0	100952.0	150532.0	345761.0	1126836.0	88268.0
	22.0	23.0	24.0	25.0	26.0	27.0	28.0	29.0	30.0	31.0	32.0	33.0	34.0	35.0	36.0	37.0
Lle-CNas_091.clmp.r1	7.0	143.0	1639.0	5466.0	8611.0	12324.0	17099.0	23712.0	31840.0	41116.0	51756.0	65722.0	88689.0	159592.0	1037172.0	272514.0
	21.0	22.0	23.0	24.0	25.0	26.0	27.0	28.0	29.0	30.0	31.0	32.0	33.0	34.0	35.0	36.0	37.0
Lle-CNas_091.clmp.r2	1.0	6.0	380.0	4219.0	9889.0	13311.0	17348.0	22492.0	29620.0	38524.0	50272.0	63861.0	84934.0	129326.0	303897.0	974865.0	74457.0
	21.0	22.0	23.0	24.0	25.0	26.0	27.0	28.0	29.0	30.0	31.0	32.0	33.0	34.0	35.0	36.0	37.0
Lle-CNas_092.clmp.r1	2.0	33.0	375.0	5297.0	17339.0	26582.0	37251.0	51349.0	69978.0	91373.0	116745.0	146946.0	185472.0	252324.0	480963.0	3125149.0	608214.0
	21.0	22.0	23.0	24.0	25.0	26.0	27.0	28.0	29.0	30.0	31.0	32.0	33.0	34.0	35.0	36.0	37.0
Lle-CNas_092.clmp.r2	4.0	30.0	1247.0	13738.0	31193.0	40656.0	51600.0	65920.0	85196.0	108345.0	138284.0	175803.0	232185.0	350169.0	834081.0	2855809.0	231132.0
	22.0	23.0	24.0	25.0	26.0	27.0	28.0	29.0	30.0	31.0	32.0	33.0	34.0	35.0	36.0	37.0
Lle-CNas_093.clmp.r1	10.0	112.0	1367.0	4634.0	7330.0	10624.0	14617.0	20465.0	26459.0	34145.0	42999.0	54717.0	76012.0	152368.0	929689.0	179932.0
	21.0	22.0	23.0	24.0	25.0	26.0	27.0	28.0	29.0	30.0	31.0	32.0	33.0	34.0	35.0	36.0	37.0
Lle-CNas_093.clmp.r2	2.0	5.0	303.0	3447.0	8333.0	11175.0	14150.0	18391.0	23943.0	30745.0	39263.0	50278.0	68170.0	106040.0	268192.0	843434.0	69609.0
	22.0	23.0	24.0	25.0	26.0	27.0	28.0	29.0	30.0	31.0	32.0	33.0	34.0	35.0	36.0	37.0
Lle-CNas_094.clmp.r1	7.0	129.0	1999.0	6952.0	10830.0	15249.0	21477.0	29293.0	38283.0	49119.0	61061.0	76254.0	100992.0	180310.0	1199585.0	335554.0
	21.0	22.0	23.0	24.0	25.0	26.0	27.0	28.0	29.0	30.0	31.0	32.0	33.0	34.0	35.0	36.0	37.0
Lle-CNas_094.clmp.r2	1.0	11.0	465.0	5388.0	12417.0	16240.0	20837.0	26668.0	34901.0	44769.0	57269.0	72913.0	95569.0	139716.0	329047.0	1172369.0	98514.0
	22.0	23.0	24.0	25.0	26.0	27.0	28.0	29.0	30.0	31.0	32.0	33.0	34.0	35.0	36.0	37.0
Lle-CNas_095.clmp.r1	28.0	314.0	4728.0	15945.0	24588.0	34833.0	47755.0	66306.0	86398.0	111994.0	139678.0	177355.0	239228.0	435518.0	2874148.0	699104.0
	22.0	23.0	24.0	25.0	26.0	27.0	28.0	29.0	30.0	31.0	32.0	33.0	34.0	35.0	36.0	37.0
Lle-CNas_095.clmp.r2	22.0	1343.0	14481.0	33999.0	43698.0	55887.0	70385.0	91076.0	114623.0	146023.0	185346.0	246994.0	371446.0	855420.0	2541988.0	185189.0
	22.0	23.0	24.0	25.0	26.0	27.0	28.0	29.0	30.0	31.0	32.0	33.0	34.0	35.0	36.0	37.0
Lle-CNas_096.clmp.r1	18.0	262.0	3620.0	12437.0	19557.0	27913.0	38571.0	52186.0	67737.0	85565.0	104567.0	130666.0	173783.0	313333.0	2091725.0	590095.0
	20.0	21.0	22.0	23.0	24.0	25.0	26.0	27.0	28.0	29.0	30.0	31.0	32.0	33.0	34.0	35.0	36.0	37.0
Lle-CNas_096.clmp.r2	1.0	1.0	15.0	723.0	8279.0	20663.0	27066.0	34164.0	44109.0	57109.0	72714.0	92224.0	116230.0	150883.0	220852.0	520984.0	2119426.0	226592.0

