70
106
162
214
301
1338
1464
1986
2453
2519
3240
3767
4060
8028
176
11072
11504
14576
26528
3171
86
10841
12457
314
892
18305
188
12377
9398
18956
8782
786
3684
5305
21900
2686
6253
7658
41092
25496
23201
15902
3195
40793
3387
10251
12611
9687
223
1015
21252
6317
1295
7478
2799
51870
12442
3995
638
700
4627
6043
4452
34247
17788
25129
8478
4801
93
3808
25547
3607
4130
2997
32570
1857
40645
6400
17561
15158
1654
5373
9667
3341
9962
42292
1263
15666
310
35934
14314
60519
9596
2292
333
2993
45424
36506
35922
5757
22487
914
4459
1780
3075
13185
3856
25817
19080
17689
378
3546
21604
611
27
7667
1501
3
6733
5451
5579
7846
1541
365
1229
1925
16581
2340
26407
5680
1061
6636
208
8042
4648
10090
8487
541
4519
7023
14359
2187
2508
2193
13296
5907
1367
6852
13491
5092
11173
18414
2837
2360
42341
1984
9307
448
8868
4910
34960
7022
2905
31730
10092
3532
2661
4862
27943
416
21242
10173
3766
61
12556
532
1577
982
2601
1949
95
37974
6517
23511
3430
11783
644
11577
9116
6476
26331
2074
26516
4739
275
4775
3184
4427
20835
43524
11100
1340
4212
23056
17156
38263
45706
4070
7312
4961
3048
57765
101
3043
7045
249
1813
2666
5972
41189
1442
9303
863
28390
274
2622
9533
3112
1177
53213
11938
4732
6822
2006
3366
2517
16529
17934
12054
455
3862
3435
5108
5657
1047
717
12654
22261
7589
18578
2827
1010
5488
25570
39620
921
1337
937
32571
13100
1104
8287
7062
32533
44837
31957
31707
3012
277
3332
2817
755
7372
39950
3181
1294
42
469
17697
13474
61338
4128
1378
7159
17862
1930
7959
805
15248
16147
1614
17257
10988
28472
32374
28855
2885
6877
7099
8737
1479
23050
2787
4445
14511
17473
6624
1065
464
29208
6187
8939
975
19169
1426
912
78139
3583
28025
5535
1671
1198
480
9441
3996
854
6
40096
532
22147
1772
8646
1110
16400
11951
14861
106
2281
12475
7163
22461
26660
1510
17841
40400
19055
25181
6726
9435
1527
3962
10390
61530
2020
302
957
14317
48493
177
9473
3906
19691
11013
4554
5088
1203
17620
14858
38012
3438
3878
2873
479
46111
3445
368
22187
216
23441
31839
241
656
6645
1884
18567
3662
6416
10636
6325
2317
3084
1451
8499
6608
7063
31
310
18799
258
16142
2272
21694
2593
4285
1267
45207
5531
3541
8457
41830
911
603
9839
18469
5497
3789
548
23414
895
20524
26142
2031
8095
20296
5923
5254
14569
55
19637
1366
15879
3871
2814
1985
12348
236
8635
2610
158
44896
3872
5771
6811
24182
8715
16288
10711
14952
19118
7199
111
6713
7683
278
13278
8533
8094
18552
36169
42
2946
468
37162
34
144
2631
29
7134
1619
1232
5111
46590
27819
4621
2351
10275
1571
909
6549
6866
5493
24769
9379
2165
197
21
730
928
23369
437
10783
8483
59280
9310
37065
1727
1760
6687
3735
1951
30831
33796
24801
1329
4049
6385
321
3730
48203
24177
9469
6837
256
8215
2679
2222
14517
692
16423
15881
10768
67365
10530
7380
37620
12981
137
308
17163
6484
1776
15564
488
18070
8423
99
18528
1866
1312
4709
6649
16271
18888
36653
774
625
4965
111
261
1132
3029
2993
403
7975
15177
8381
670
10124
2067
2204
348
15731
1472
18006
3334
1142
32902
27201
3193
5112
6389
4478
3455
529
27090
2465
5987
6356
52716
55581
3839
10338
18568
2436
115
2857
7729
12876
20291
6137
9056
32815
2497
4462
4361
16308
3501
1583
1784
12504
5688
28904
5661
3
5130
4291
540
1801
13922
2276
2561
30580
2942
1668
83
34579
4561
29590
164
17992
12011
1116
1885
16148
2489
28957
3478
33366
10967
28089
2030
19268
14642
9119
1837
19324
9060
9889
10551
23535
13299
11694
45228
3843
1574
13831
2486
47848
25351
35806
4247
21377
1088
15535
502
613
33690
44151
8658
26220
3105
3574
2657
12220
13218
6657
1542
43895
15171
12877
11267
3151
54434
3597
12745
1596
6964
153
29110
16181
13480
6868
215
5368
461
19445
1667
2055
18230
26972
9975
46
18244
66886
2372
23563
6005
4352
23030
1917
2685
28610
5962
25760
22785
49
38867
435
12676
5058
23015
14382
9675
1919
12304
19165
23326
381
14108
1559
16399
7786
168
720
8161
21789
10840
2061
23929
160
3551
13557
1523
41985
19773
922
7468
10313
6334
22136
57623
13394
15658
10641
467
26063
48579
7505
28799
139
14540
8410
16131
1254
12263
370
162
4445
27750
20649
896
3522
44342
2565
85
11615
225
1474
399
12834
20825
2052
1727
27066
11719
6163
3542
18339
1538
3087
808
11203
9315
1773
3203
1070
551
21388
20634
8019
11105
6878
9442
10146
1317
3626
117
13726
1077
10
14763
8039
2059
8404
7869
48234
12057
9190
1872
28832
1066
13055
88
9478
4158
4647
22737
55389
4213
224
5862
10668
299
3566
20590
21879
1896
3300
2011
16304
2980
210
989
138893
13935
5629
16057
22579
69457
46378
276
42706
9501
2013
14665
1616
11107
46841
9433
6162
7054
981
2466
2336
3392
20593
15709
953
6212
3565
2086
5422
3725
6935
110732
1761
504
1870
51
3850
6308
6992
36841
614
6768
219
28290
304
4463
2136
4400
4699
2248
7295
12003
18024
435
4974
646
1406
1078
1003
20192
3937
66835
1548
11248
37914
8672
35139
11187
265
25029
519
1384
34214
11984
7352
4303
934
3
1382
109
31032
39420
14495
1375
2470
3208
566
1558
5117
22860
16141
6936
21841
27680
838
6181
5866
6149
1034
25475
36957
4324
7419
7899
16205
525
7112
11770
11507
585
452
1869
119
428
10306
10258
706
6075
4256
8515
2784
42001
1592
13602
29396
883
4183
21085
619
5195
8706
1818
13122
441
4315
149
1426
4697
47
98
374
34438
710
14141
13095
7831
6218
33751
2450
32432
1656
2111
3239
212
6362
5526
1029
5055
22198
3699
9890
523
32222
78
5550
7284
52
13525
1207
1284
12426
7948
5533
43
11259
12217
4771
2202
8862
6505
84
136655
4502
23981
3527
22204
6883
137122
18930
2668
12582
3901
6085
5171
12967
13846
10979
4399
16265
6800
526
50048
4105
5632
807
26509
6347
7235
2550
182
7958
51824
138808
9181
3157
293
1705
2379
946
6035
31719
104
4297
3892
6708
1780
8383
8370
1667
3745
2087
31273
22075
60927
30387
1500
3982
3444
740
580
851
9149
6100
1549
2634
5090
115
34907
1502
2399
62070
100053
3773
8110
8993
347
3438
1776
3958
3162
493
38363
86
7008
33118
5393
1143
4020
2328
19527
78
1895
3395
9953
1479
18208
2585
2163
2641
2948
1457
1106
31487
2027
68
9068
23542
25845
7329
28450
26733
27563
25153
20756
10176
166
681
2487
1619
18581
3158
2686
35107
429
13594
13044
996
17082
25316
305
1664
796
15642
20856
9097
10312
6167
4763
45551
6027
517
7098
15462
24985
320
12264
41251
45468
30250
2259
122
21176
1279
10561
509
3968
20356
497
8608
12874
13385
7097
4947
8007
13473
75958
45617
75835
32424
4068
13244
4151
12847
1944
1603
45101
11181
2745
45085
19402
43938
2475
522
9976
995
1136
7873
10152
11730
7716
2820
1293
6011
14712
4468
15192
2969
7390
1235
14212
23578
435
6527
852
639
2343
8749
93
27850
3489
2966
4163
5297
21720
22594
383
9267
2326
1204
913
13010
30774
10798
6050
2550
9025
1856
265
88052
536
9321
108
5852
13710
3738
808
1577
41925
18253
32059
25293
22474
643
45208
4325
13236
28588
9289
354
6817
33961
2919
371
18792
15401
1448
27404
1471
19698
8887
813
5709
3457
48462
18356
5809
3963
1554
845
9284
5222
5897
1403
30639
356
6469
28359
10896
5562
27559
3889
8552
52055
1353
19111
5252
5737
1255
4651
718
2597
1888
15524
6294
172
7018
2735
1923
28615
8194
1128
5241
353
25225
2228
5226
17496
142250
13760
11178
10549
1720
1634
2832
2376
13088
2724
8332
21368
4780
4543
1258
976
8397
36034
1748
17501
740
271
8420
20640
26092
26443
801
4460
72293
8043
6308
14172
29667
8738
32784
24
13456
7686
14020
16481
4942
11742
17612
12355
7384
5333
10233
25321
1231
3908
40783
45266
4090
51034
12803
7705
14208
5463
20991
13232
7498
1014
17984
13708
3344
23712
20857
41490
13724
16149
6298
391
11332
2127
3160
2351
15567
8689
255
1180
5945
159
9302
2775
1149
3109
1217
33316
2659
1039
7503
2926
6295
10532
6770
9171
8129
14913
930
21841
37
2782
6351
3525
23437
1649
33832
33988
13328
14109
12213
1424
21005
6752
814
4788
2377
12841
40401
14588
17025
6175
1067
8754
19714
8001
15746
12471
40941
4794
7031
171
4798
1703
58062
23301
76
47827
18626
7961
31361
108864
6259
3599
1139
4924
6548
2986
8251
3217
229
7402
966
547
5491
6402
109
8733
868
3979
62063
1957
1147
1600
535
36343
10970
4617
24526
8587
21288
6129
740
11182
10260
10192
1513
11775
6949
5293
19703
31368
8425
11119
549
180
7330
2031
1151
10571
1851
5980
5178
4508
14185
3932
14
18392
7965
11628
43228
19942
5662
231
24448
7440
5807
180
5019
11420
585
55
1480
30198
31892
7224
1238
17805
20433
1059
26101
21847
1483
7978
5997
1689
6694
7006
13391
32916
1867
16
40275
24439
3103
7326
14677
1134
21
1741
7247
10091
5010
13689
218
11425
736
24788
256
11122
26676
52272
17563
3786
2400
8744
7336
9179
10457
14857
1342
5289
69884
1633
245
18191
13705
27123
5971
1352
81
22505
4676
191
1265
3372
2297
526
19232
39006
12453
2804
31165
36
6006
340
16159
11913
1776
10721
6233
22890
14986
376
1825
416
2239
6123
1806
1489
25521
4056
20525
58
5705
38868
368
17554
9352
30
1062
7624
3498
4
841
42217
7514
41017
6137
2144
19
21781
8523
21340
104191
7569
38422
3654
4971
1697
15905
36545
69
10518
11817
10566
1521
1735
139
4429
1164
13215
717
23195
1031
16499
1204
543
13454
3179
1727
2493
1074
32987
1370
15800
2669
26218
2327
266
5243
40226
43504
1121
14990
5922
2056
7100
1796
6961
1100
2265
28
274
17120
1332
7233
1096
46199
7209
41956
6584
812
13164
23322
27847
22298
57
39736
6568
18873
4838
29059
10345
7740
3851
14095
25616
24071
3583
12359
3070
1666
10573
7257
2393
8660
10045
6659
41
4393
11202
436
329
43655
7845
16859
17075
4536
10962
2912
11278
13342
168
67528
39984
35138
2695
15268
1970
13754
11045
664
8165
2471
14216
22573
8622
24652
10377
1604
10676
20937
3894
2294
1561
21017
269
14029
10142
1182
6721
38755
19778
9735
999
700
611
6357
15419
140
5311
7601
1763
335
13223
3229
23700
2757
5047
384
6033
5410
18623
15966
158
18908
16763
10710
18787
4592
1173
1566
5065
798
6870
19709
4660
1643
7995
10987
5299
3827
2988
53165
1630
11903
843
8272
14131
8777
38255
1837
4237
45658
55972
13171
36224
1193
7138
15082
1235
14110
8693
3459
9279
19534
7829
189
8674
4088
8865
1114
29713
16486
22967
15866
32864
4096
51
23540
6747
195
7614
223
14932
13336
8195
3305
5849
57753
725
25544
5102
7191
985
1623
830
756
7308
1942
28761
3881
1547
5795
31964
16246
14546
2298
364
1132
1987
49
63381
10003
17879
28481
2588
1559
7058
2991
517
11832
3274
4383
25873
4343
665
623
1608
9208
7600
12
2470
4361
12507
2491
6347
39493
224
54893
9656
12723
119
31085
141
1665
5523
19825
4317
2172
4970
10308
55342
7
4687
5045
792
4689
629
9668
5687
3091
11999
8986
9870
986
4403
14435
5659
12357
42085
4226
11696
6126
22086
10665
10712
24654
7220
89
51985
22616
13768
18735
1874
35165
27004
1219
10227
24259
2165
19648
18831
7541
3920
19435
3580
56167
4463
9776
3331
8395
23004
19686
2978
3848
21756
13989
7064
190
37556
4728
3207
16405
13950
4763
466
5334
2319
13
1172
37308
2727
905
14980
10535
3342
4872
43040
173
137050
24483
10390
26901
23475
1063
912
7866
16513
3510
2221
37
2634
4696
538
1811
5823
5404
5907
10507
46496
37512
2202
15477
38448
6152
6696
14575
14326
3246
462
5978
1641
48322
2199
95956
51912
128
3155
196
781
2461
6237
23580
16395
15106
50429
9925
946
18396
7551
13230
7470
22885
895
8377
3691
4449
9009
13298
3428
682
769
3774
4365
9384
25450
18579
7120
38650
330
5374
19145
58851
646
12510
15669
18751
6625
1085
357
16616
7152
2021
6898
235
171
1515
1704
2139
852
4379
171
1788
492
8773
957
2026
7173
1709
10397
7361
3156
8449
19028
3007
2249
8246
3644
17967
10760
25554
22281
27787
11957
19013
8903
947
3407
9508
9631
2350
3350
3043
1853
468
973
434
2777
18329
89
181
5672
3358
13079
20128
7678
40030
31927
942
2518
13112
763
4886
35582
11261
13474
11410
6819
18879
29104
4155
29058
6747
4521
34671
7142
11898
3216
25149
1012
5168
5115
7778
12971
4605
58119
2600
21084
8136
34850
386
76
837
597
11082
13476
53
43252
3835
2112
7751
872
6598
1517
2034
7937
15187
978
34817
11426
14656
12327
530
132
1355
39523
3027
15036
7290
1691
65871
3155
11803
9055
7131
5141
3429
836
1097
30809
33951
208
30487
8345
7960
36663
244
2227
22105
8918
1632
7121
3780
19686
1736
1852
7898
810
21628
12878
1023
593
11626
436
5593
21629
10262
590
35882
18618
2328
1922
2082
660
72627
1437
26726
1074
1000
18820
838
3519
4493
850
24349
16424
2018
19752
1144
770
22626
8480
30062
66598
3923
175
131
15891
15877
9037
1939
574
26301
52130
419
1906
292
9102
16638
1591
18170
1825
184
43471
1016
354
507
31526
1062
6193
3435
3616
2017
17
9251
15897
22296
20759
57198
5474
5925
12787
3441
4179
19866
17993
14070
6254
1794
29129
3418
1341
2092
4549
15866
4849
55515
35307
3287
7214
998
18663
18923
4111
4519
5613
28751
1492
287
1919
4657
771
17160
1525
8063
5312
36586
1976
5370
4479
6611
3237
232
3043
16950
22330
25610
616
285
41745
27964
5654
26835
3554
6291
29669
14
2575
7670
6948
4122
4244
8868
4017
1710
7489
3157
2267
1494
6605
9084
28936
8733
18576
3930
40498
16521
28394
27405
923
5178
10673
12592
37
16872
106604
23637
6438
8451
1107
3191
51445
7292
4433
193
49374
2630
3974
2577
17315
11919
15275
16191
67841
2769
176
8413
6570
14133
19797
2
123
3432
9785
4962
1862
3493
6411
2921
4136
379
7879
11312
3271
2320
9585
1432
2336
239
5228
6942
5069
14281
8739
2069
21609
8154
9947
18283
1959
48428
3034
17768
3290
5692
5292
1653
1613
10489
3076
4908
6
5430
17816
156
4634
30559
8407
7096
316
9847
19867
1689
17388
9371
27008
18313
6632
20990
25603
2391
1247
39237
1965
21589
61
11710
18945
2194
26784
38154
4064
31572
10100
22458
6454
8879
2407
135
25349
21168
10169
10607
44653
3851
1098
9607
13582
26846
614
37631
8917
1573
3565
23186
5246
1919
23423
385
10642
6716
12561
27634
12886
7399
1377
1622
44699
10307
743
3195
15348
1539
1745
2022
1512
8104
4012
23253
9744
370
35404
11953
87
13949
7034
1615
915
1197
21705
11721
30277
21432
134
2347
4406
3060
247
314
1037
4919
13294
10532
6838
3101
1512
396
80
2714
3805
2276
101
31293
36763
4194
4021
3205
3660
9271
963
17902
11789
387
10649
19744
1898
148
2511
2801
8264
197
41245
32
1884
26380
6377
25942
298
14693
628
68203
3261
2419
1671
2125
8876
10354
6032
3229
26068
5282
18975
6917
2959
21296
18100
5396
113
6217
9311
6532
7588
2095
48057
358
9114
9604
1042
17482
465
5035
2400
4289
354
22657
11998
3018
950
13516
12320
45127
10086
3700
17457
5441
2149
4084
1601
1252
13089
97527
2963
3927
1610
2296
24986
34064
12972
520
6068
3764
687
5714
1609
29582
1881
2862
96827
7571
3629
28442
2
6259
24883
7984
21072
50867
3573
3090
322
1716
62272
12252
914
28563
383
864
3160
14669
5888
3605
10273
473
3825
15249
244
12652
10821
499
12549
52587
33
2603
6431
4337
12230
237
1087
2457
1580
14536
312
40966
1279
1099
17065
8153
48795
723
21807
3695
954
3697
9973
9370
34389
7518
826
5871
4482
4868
3879
1913
591
124128
405
6560
29131
997
35009
361
9428
5435
39893
788
2173
253
16
3003
834
28252
26
14684
1822
32041
3291
12705
6914
384
1946
883
14871
2062
1755
2133
25797
27909
8685
521
42570
8673
1408
5020
8726
173
2534
4080
66709
26596
7724
118
9550
7560
37160
9859
22011
1399
26239
6890
438
61132
5936
27501
12526
8067
8409
17682
1127
90
6672
16570
7499
31
15201
27329
71348
3648
15812
5914
30797
17616
8832
48671
72176
1824
121
3403
7402
125
9822
2412
52507
26831
3829
24029
40471
337
135
89
21140
1281
7030
1213
11018
3946
539
4315
31645
20965
6249
3566
8394
22134
20427
7962
20099
717
1556
16432
9087
18852
10707
18617
12872
4233
60944
6452
10305
232
14791
7697
26
569
11748
1070
12933
5927
4500
11161
7579
2946
2178
886
18
951
1595
3182
39719
1057
10270
245
4618
5348
4701
9002
5391
2018
205
473
6640
9738
177
26000
1510
31355
51
3593
1124
6791
9514
737
8265
59404
3180
5956
13253
2988
1063
11446
6477
4905
35319
2647
1253
66
141
5643
17254
217
128
12874
783
12656
53999
17827
9063
1968
1059
56786
15625
4775
12939
1742
3009
4988
5057
215
1822
2158
8880
12470
1
21732
14
525
1113
28173
5744
7444
38617
2617
6455
8139
13250
31148
5332
11592
942
13798
581
41879
1520
230
4099
7858
9167
578
2818
1987
2140
137002
26625
9392
7837
8109
1988
3076
699
10137
5779
3347
71
43096
1522
14266
1311
63
23279
1374
32031
4370
7940
124
25886
1868
23103
14807
15820
11273
286
372
942
5320
203
390
3139
1232
23515
6320
6094
3802
1779
24227
216
19102
16836
581
8491
279
5026
9113
2701
444
2388
1178
564
20394
1353
4791
5202
26303
2507
19802
18610
19537
5266
11992
2309
10527
5453
32598
5445
47448
14890
2481
10098
7182
2701
15675
1458
349
2584
4027
22380
238
16359
1533
3212
15996
7401
1487
13853
27656
32489
13779
8714
6666
146
1963
24368
18857
1359
4208
36428
610
31834
21171
49331
3969
32530
25425
29222
9769
3490
6912
15984
6190
1411
28212
37239
8080
44025
1558
29469
6342
22254
25136
44990
7597
264
1786
437
22415
4191
13364
2315
3485
6250
1071
2162
4781
2331
3508
29787
1977
17978
26253
15400
1738
15620
6359
1125
5864
4278
4272
137666
82
2346
20657
1635
2404
22098
15923
683
199
49849
5137
14622
4083
16569
11661
45869
1452
10882
3961
13668
6244
1513
30524
20345
1179
8892
23590
14036
6315
7894
286
3533
8911
4001
3826
210
3010
9520
52
12035
10321
11541
8619
61928
26
12207
280
47362
7069
10319
15865
6034
2778
30806
17422
19432
1543
34
1711
46
75
2764
233
36047
691
5816
22199
2097
10935
16939
1140
1029
21095
4164
4576
17073
6242
15448
8452
1778
12415
17241
5402
19664
2383
1518
15916
2596
3703
124
6100
3713
2395
3357
249
13878
34577
22421
1473
5
18
2113
15943
394
1274
7195
485
18925
58891
12540
15648
11143
13759
12307
14541
2019
13139
10400
1441
1974
5242
3730
15530
7039
785
647
7324
7953
42586
11970
2989
14985
23358
11067
3091
204
3554
22001
794
15633
16364
2407
48824
2324
4685
1528
2895
2562
11594
4344
46102
5486
9
10727
92
4240
19377
126
1265
386
39654
20430
3302
4646
39878
36287
65
8348
11293
28902
1695
2014
9710
12792
3313
1339
6901
8402
8337
21384
21946
7188
34266
2057
2775
8026
5376
24356
12070
10937
20551
1811
3980
4973
20523
427
572
1754
96
8098
10822
7670
8555
10135
4347
4494
269
4532
264
6320
5153
6849
5287
3009
2019
42334
71
453
754
782
14314
17625
10679
4979
2585
37774
40
48951
10113
17864
896
26251
3345
8644
16937
10748
132
30316
9109
164
7758
28045
7615
814
5307
817
1097
7686
598
6634
24347
2348
19257
13399
6280
29405
5711
482
331
12940
20093
21386
38828
27258
137919
13627
2388
673
40480
4434
1725
29022
4743
8648
39104
1548
6540
27
5221
1079
4509
6395
1379
7213
6404
8796
45174
2307
4915
28575
36598
4334
13954
13794
2238
32040
408
6517
2187
5776
8328
598
3902
13539
51707
7071
4852
6536
42353
25705
5912
2682
31793
547
233
30872
175
27661
2343
2177
25026
3312
5413
21773
11622
2093
10313
3069
1564
8496
17522
15022
5471
1593
20585
425
576
1800
60
15607
15374
4903
11484
1387
2521
5360
4412
4003
16854
2067
39305
2845
62976
2748
3492
7283
3621
18057
1325
1457
10398
2415
16272
1626
14874
5636
8737
1766
9316
16021
2178
3925
36525
30
3550
11404
13861
2956
9750
12636
11843
6224
10078
17150
471
40295
1275
15107
9669
261
38225
38150
1443
2101
4239
1331
2533
28118
6862
6464
2279
18241
130671
10930
36090
9623
643
32
21577
1151
1792
8076
5003
11150
2608
6139
701
3404
263
186
105
41250
18424
42443
43696
21377
5645
5358
1935
10716
2377
2177
21261
2865
865
25119
7996
14501
10389
5545
1637
6425
1187
1800
1119
9558
39660
1424
503
776
5974
10807
11300
7608
17999
41865
31134
23213
250
46
41943
39928
9058
35152
891
41998
939
19872
11267
14373
13570
316
2764
16012
18871
2057
355
17817
2744
15780
29371
15836
13562
8977
6269
29674
2612
4015
43236
17695
3198
2010
504
8970
18774
2182
32364
160
6434
7921
441
6205
12242
27576
604
398
11581
60954
7240
17661
4231
3982
4756
14182
5058
11531
12231
62
21418
1539
27599
13363
1256
424
9092
1333
3187
11575
11081
544
2573
5753
23474
422
10245
8636
54876
8551
3840
46652
21638
583
3051
2166
11320
10332
7005
14163
8369
1016
487
3625
22927
16546
7455
3164
9173
5289
5371
20368
15796
11740
7177
18124
3664
3849
785
1041
16055
914
15066
6660
632
18029
359
17220
953
1086
47980
5571
78066
659
10
2148
23883
4202
6641
3015
714
35444
2148
6157
7730
16799
221
5780
3341
15632
4098
8815
951
5733
5169
12855
5190
6209
4269
8692
2463
4907
150
1219
4753
23857
265
3776
20617
7523
34937
2763
36879
18631
7549
2807
1173
12097
58791
3777
6879
19469
9774
14313
1877
5560
380
504
1307
11
810
3172
17396
598
18250
2628
513
8247
9424
28435
27586
10522
4957
4284
384
2870
24070
5080
11627
3777
6774
7868
43690
8100
42519
6929
5631
6665
35030
21695
2191
2266
15330
50225
23782
10446
1602
471
28665
56520
16421
2864
20
29759
26453
1532
16307
6042
240
18234
6920
26874
4792
46299
796
138565
199
6140
8189
21991
3167
23828
1563
764
600
17972
472
27307
360
16294
1744
65
7500
5027
4355
21253
967
4418
457
10752
13907
13543
3519
4451
1553
23975
1642
17943
8408
3190
12564
12024
639
19558
5885
26199
13825
10632
7542
1811
88023
1256
8681
49703
1693
21682
34484
3111
4276
8059
343
5998
50857
32710
4228
3134
4977
3058
1646
11000
2370
18389
2024
19131
31558
484
17539
32
9892
403
7927
921
29374
5841
3947
1983
440
22158
62
3806
15773
6663
54
6109
7362
4635
66621
19526
3606
1664
125
1021
23071
14625
2255
3537
36863
96
1244
3648
3751
20
2159
4800
2269
42142
6814
94
3313
8177
247
27511
15366
4023
23693
7228
10105
601
17614
30505
1641
24953
3620
1343
38510
8207
8764
14697
1477
3552
4012
879
1169
21699
39323
5586
6451
4739
1868
903
2232
51
12407
1154
15857
11850
1063
1394
2877
27447
6980
4137
3861
2732
5910
26732
19
14049
4320
6824
11916
10957
11291
25062
2514
10401
40368
2850
3680
2614
27428
51221
18877
9380
46
18178
35631
27910
12835
48666
292
5368
3645
1538
2621
711
1032
10962
196
463
11912
21971
2554
45215
5389
11493
2411
192
36362
1168
4671
456
1295
6248
3824
13701
8974
2185
4002
5530
3322
3920
1528
26151
9258
10253
12178
14872
17648
18442
7277
59014
5016
1908
2643
64
2474
2666
1546
4415
4438
45440
897
26061
24
161
2125
7153
12268
2155
71
966
1081
42572
15770
258
3467
671
9209
1734
5430
4808
3511
1937
3679
3937
9663
5604
5470
14061
32440
22107
22210
32925
23807
6159
14443
10745
41118
619
1936
31292
55
10089
10629
13054
8097
18155
5231
27335
341
7954
1306
3134
22088
1116
40237
5309
20370
61
83
1961
18101
6262
86750
178
14294
6967
43543
1898
32
61
1362
30128
85979
3582
7179
2344
14440
1277
24327
154
1337
38378
1367
13497
6671
36560
3564
8328
4904
2016
8964
21356
41940
7199
24547
3919
7250
196
11049
1519
391
30749
19319
13867
2629
3416
39252
30659
17127
9595
12338
11648
382
18889
555
373
11169
13800
1720
729
18783
898
36099
31540
159
1296
557
17144
4167
25658
25330
9782
839
7734
9542
8275
52344
4131
6390
2794
991
1087
3394
415
11705
29812
2940
10172
4257
5038
278
13020
5336
431
19030
8333
1568
60643
20298
15752
4004
2981
3635
6745
1734
1205
33687
1415
2492
8020
1973
8702
124
33191
1223
5149
541
14850
3885
17803
619
5531
20849
19091
6965
2023
1931
4824
7751
9116
3382
1221
1381
4794
731
652
50712
9510
8919
10385
13929
411
2167
9992
30631
3719
43616
663
23
4574
8018
38893
8576
1562
226
5
4571
83
389
6194
1139
311
19218
5408
1
17903
754
36196
21517
235
2582
890
4758
7106
45650
10835
3570
4199
7092
24535
43593
4377
22881
2758
41247
1662
962
10343
6335
5072
2181
6192
941
26209
28596
4422
5455
3175
2160
32799
10952
3791
497
2039
43929
27564
22485
21487
2648
9314
16620
47836
14759
6054
404
18545
9961
1127
59
2104
22357
632
32161
25085
24139
29532
3953
1354
5122
36434
2119
5400
11917
27536
44349
825
3953
18
439
5142
9802
1908
7438
6850
3491
22267
11693
12
3091
5965
3063
1406
3474
3440
87
1291
7106
1254
3533
17379
18966
1803
6531
559
18990
11933
2858
28447
6230
59803
844
6371
5164
28618
173
15707
1926
10934
25256
5492
144
1918
48334
16422
7636
1923
14979
11581
14483
3897
960
7726
2846
332
15528
6970
11386
12411
74
48087
2275
14926
12597
9666
26652
8956
8293
26071
595
12332
444
772
2552
5877
12642
542
12963
22
3771
157
18621
6307
25091
23278
4484
1106
3014
12921
15163
2022
1829
1171
3059
7660
2237
602
23628
19795
8330
9701
1476
7690
19604
1384
3826
1045
5484
1627
18476
14614
15541
29502
286
21979
14069
35892
8029
5289
9143
4062
4224
1953
2589
14751
798
20922
18849
23606
14101
6977
19884
7351
8062
3768
472
5234
53189
292
20970
13617
14036
1735
12678
4009
344
327
1501
16007
10175
326
1226
29949
66615
12840
2425
31335
15498
8317
8467
590
338
5344
295
3104
8634
5060
2341
6405
48773
8351
9745
3365
524
8183
6260
1041
25265
136612
349
14490
160
18
29478
2411
21984
4823
11605
51474
10969
12517
53636
40183
686
35051
27000
2131
35816
9492
15131
10226
36
2106
28293
429
14338
22424
20574
524
405
11025
8350
5208
25952
1415
408
8710
2740
30018
811
4706
29
2229
3101
3355
19006
363
358
18480
6207
34480
97850
1328
5278
21333
54300
68
20806
3067
19711
71
25
3008
3891
38713
4589
19807
226
113
33990
421
3942
8446
392
48825
61
1819
6952
2698
21672
12563
2592
584
4102
4431
27773
579
10238
2463
74
179
7420
9422
5144
12989
22608
7021
1581
41454
16380
16719
1255
3086
352
3422
10243
106871
12433
2302
15357
23307
21660
7994
8357
46769
1652
35263
4616
17
16435
4960
33935
7011
1058
11875
10246
20
22171
9972
2968
9605
5518
5710
2589
63464
44
20769
9877
212
949
11677
2163
3559
573
1831
25788
15900
25176
2164
5777
22082
11111
18898
49203
3908
14003
30715
22111
111705
6620
5640
9838
33
265
1840
6090
30
4843
103
1509
3878
3567
10538
38992
3608
24974
13637
15243
10616
8
400
5272
3571
5783
8883
12730
228
24653
34226
323
7594
4094
3846
5314
2196
6541
58426
17969
13961
44
3784
21688
118
372
13028
91
344
616
14623
3004
6888
2349
7989
7825
2841
2736
726
6201
2979
19246
8359
624
46793
15610
7756
11466
23537
9050
338
34194
8575
4181
10071
6375
1575
31620
50510
8839
128
41369
4066
9205
31859
3769
1412
24287
11798
4318
106873
7323
22412
569
5650
37875
47867
3748
53994
1158
786
11895
12664
9463
455
9972
3354
12104
5209
5255
304
2752
44038
291
478
3624
6753
13058
22831
55
29594
11574
11338
3464
2010
8330
53373
4662
10451
6498
10381
3338
23488
280
3829
5794
2201
116
18
46833
483
137811
1009
1846
21257
6708
33950
3708
16554
2242
9395
2378
16967
2252
15140
1099
1902
13650
132
4605
24978
3754
33155
1593
4292
17044
38156
32671
34989
12115
8758
22214
5608
12434
990
16327
3247
12848
3332
16887
20765
48845
193
33590
19165
93
15999
13828
2573
2823
12346
17282
4027
1280
513
12279
6131
45449
564
872
5186
1553
2964
1526
97
423
2282
24684
29725
2823
1206
14433
56983
13326
15674
2797
2324
15863
1863
6002
2241
16332
1612
786
9794
27617
12631
62409
213
9603
3204
9637
3538
3124
483
14771
50829
10187
9994
9193
1677
58
4747
2122
3517
2192
49688
1131
11084
7902
18786
2762
25688
15466
4727
5611
36368
394
11885
10662
15904
1907
19394
6989
26478
13434
3320
2499
14509
4329
14364
134765
25370
357
12816
6272
3782
9559
320
20111
3835
95
13712
9606
1688
16783
19327
4915
3796
31024
242
15778
16200
5445
137159
2905
13056
136
2387
2366
848
402
5210
125
11064
8816
323
1072
767
4124
20473
40214
18312
34087
730
281
3130
748
3122
47149
6485
2853
39208
3803
6003
1807
11051
30180
1044
3047
32196
18788
4511
28681
2380
5924
3664
1140
40485
4263
27183
2210
3299
678
5276
33944
2335
28
895
8871
2107
166
2786
18455
662
42590
8089
3587
12418
11054
619
30319
4081
5913
11853
28107
2220
887
12587
3416
1018
17399
8747
23553
29908
4518
2818
3330
9673
18445
510
2546
2931
54146
19252
22393
27768
31028
10832
14335
2498
1194
7760
19144
782
64
7835
44268
4941
5105
207
655
439
5586
57527
27765
4529
2433
402
1955
2162
148
6052
9302
16670
8
36370
3701
10769
27025
12869
7208
7445
37301
5598
8000
10403
9099
22809
6924
294
261
1242
6669
2950
135870
389
11576
1685
2922
12866
9069
27843
17980
4405
7198
3884
300
29138
5035
118
41391
22612
53
3387
12350
3844
3462
886
9894
592
18107
3986
6533
136049
8367
2653
4617
638
5656
11259
1496
2855
857
39019
137
47814
63841
4323
8583
477
2847
309
3535
14473
20096
1019
37809
145
24549
6557
6995
31743
7382
829
698
20286
3487
19678
7084
14822
2418
9172
2435
1409
318
11242
2222
6270
1251
14533
7086
3855
42652
3724
4769
103
8484
8896
4630
57773
28541
5133
62116
32697
10619
56
1584
4244
9249
2554
3303
1538
71542
13022
14689
7415
817
1060
21376
3523
8649
46466
18444
5562
14310
21888
21437
1291
2526
2841
14737
15918
20559
3522
420
11002
1130
557
495
27297
40
28088
296
33016
1773
6933
9031
897
8077
26227
2123
5302
14419
23620
22862
5168
2799
14242
220
3256
7585
28281
24580
1237
1907
2550
4900
5012
5056
20811
8180
108
8396
8651
34351
1220
1367
54843
4824
752
466
7091
17478
4160
2625
27827
604
7795
11176
1425
35764
4504
20878
11055
7747
100
758
931
7659
14139
1208
9391
24377
39483
19058
418
31052
5270
6801
3841
13840
34868
1755
8158
42471
7394
28652
388
536
274
5693
983
3258
342
136923
5206
445
24606
512
3296
12926
5461
2808
1376
26410
2538
721
3017
19333
5569
4358
2184
253
10
5855
33146
28029
96
9141
3390
47002
961
7538
9518
7736
33979
2188
1842
277
12432
8928
463
1924
658
922
1730
20139
15919
436
17252
8490
1276
1207
3020
21658
9985
613
1685
6867
8305
27184
5147
62015
686
1022
42514
342
1879
18866
11962
2429
128
8856
33338
6988
3428
10099
146
3568
26168
31155
51626
11936
6700
164
4220
1107
31073
299
7857
1801
11038
1739
2553
330
40733
37116
3483
647
1847
11
5182
3176
3201
5995
39154
3561
2640
589
10370
18709
31535
742
12695
3233
20991
46040
12361
2466
305
30658
414
5949
2847
1030
57490
3360
503
1647
22672
21294
185
13832
63034
23251
10504
23253
12644
49927
4287
2576
7916
9841
29005
9896
3918
9021
3377
3267
10585
29741
3847
43410
27
7158
1397
822
28960
6223
13
13713
20106
506
3549
4721
1522
2375
1676
126
2381
35
538
16060
15485
4799
1117
4538
9899
3036
1747
2579
4219
2618
18013
163
48218
4508
5121
10333
11888
22526
13327
3916
4292
357
384
25335
7535
66786
29967
52
4327
971
749
10686
14721
18882
47414
30369
247
9920
136
5722
3600
2984
13619
346
8241
6283
22347
10830
1248
2842
6014
2530
183
6383
9846
59508
2157
315
2902
956
15280
3426
11980
4499
2123
815
931
8024
691
16093
12281
5407
39466
3727
21472
15608
28305
9369
133755
602
13142
6680
8201
10449
9164
15
528
26808
2172
16278
512
198
4600
3772
1741
48699
13847
10598
31768
19926
4703
4958
7874
11616
12515
136921
209
2025
892
24778
11435
2560
4623
1328
14065
5141
246
2171
138360
17606
2228
6278
20005
3623
995
6305
959
2260
3205
1437
6511
129
2033
3318
9032
20885
17112
4501
1863
27023
21
1462
17909
1850
1181
29201
1602
3886
359
11191
28401
7147
4417
414
9651
20113
8170
2733
2447
4716
5887
6979
5553
13470
4761
1827
48126
323
890
10189
860
29794
4625
20978
132
3051
4217
1325
33692
11172
9827
339
20623
6721
1216
40090
2723
1209
12229
4187
214
4176
34054
266
7563
14973
3647
2568
250
4328
52119
4667
774
2038
30955
4800
103
102
6755
1341
8185
7603
6761
2051
2795
24
19450
4419
10682
136869
89698
23740
643
632
2398
23426
2834
14205
33892
24829
8603
13895
8701
1672
21556
45727
36709
5498
10551
28583
297
2673
1873
6039
4607
10063
1981
130
9174
1342
36423
1940
2383
7009
16297
24709
3940
2896
9094
363
8205
5337
8085
14527
14903
8466
2135
2799
3375
21495
2920
10750
1716
10684
14643
2256
28081
1587
15337
7787
20319
4680
807
6661
8321
1075
40514
4185
17228
11336
9426
12551
22012
1618
14085
2950
174
1191
16345
11978
8677
6966
14916
22056
3272
26931
16996
9322
3991
228
32421
19040
2551
8475
3318
1228
907
5548
2928
1909
6808
16008
3408
32542
137564
17363
186
10317
15045
7828
22293
12302
22436
9622
302
11285
12057
17913
967
12711
19405
15852
10660
1936
709
5760
6506
7236
2696
7675
3816
7775
25679
1346
2706
2220
5
6816
169
8788
4828
4
16165
777
1493
5805
19292
