Sample	Protists_1k	Human	Fungi_RefSeq_release	Bird	Bacteria_24k	Plant	Coral	Viruses	Vectors	Contamnts_Adaptrs	Multiple Genomes	No hits
Lle-AHam_001.clmp.fp2_r1_screen	96051.0	19195.0	8390.0	1994.0	4452.0	1103.0	628.0	356.0	61.0	2.0	368697.0	3220681.0
Lle-AHam_001.clmp.fp2_r2_screen	100265.0	19090.0	8507.0	2078.0	4434.0	1216.0	579.0	369.0	15.0	0.0	373308.0	3211749.0
Lle-AHam_002.clmp.fp2_r1_screen	91609.0	8493.0	8018.0	2165.0	2963.0	936.0	613.0	367.0	70.0	0.0	309771.0	3146459.0
Lle-AHam_002.clmp.fp2_r2_screen	94568.0	8600.0	8329.0	2181.0	2764.0	1005.0	565.0	381.0	11.0	0.0	314815.0	3138245.0
Lle-AHam_003.clmp.fp2_r1_screen	127961.0	12059.0	11100.0	3028.0	1877.0	1307.0	780.0	490.0	91.0	3.0	497052.0	4346139.0
Lle-AHam_003.clmp.fp2_r2_screen	131067.0	12162.0	11475.0	2941.0	1941.0	1409.0	834.0	473.0	21.0	2.0	500426.0	4339136.0
Lle-AHam_004.clmp.fp2_r1_screen	139039.0	11445.0	11524.0	2877.0	2974.0	1466.0	778.0	555.0	57.0	0.0	561115.0	4140540.0
Lle-AHam_004.clmp.fp2_r2_screen	141965.0	11547.0	11834.0	2837.0	2970.0	1417.0	796.0	544.0	24.0	0.0	567154.0	4131282.0
Lle-AHam_005.clmp.fp2_r1_screen	127229.0	12233.0	10760.0	2566.0	2372.0	1424.0	893.0	459.0	43.0	1.0	481744.0	3969237.0
Lle-AHam_005.clmp.fp2_r2_screen	130225.0	12550.0	11269.0	2400.0	2449.0	1379.0	855.0	467.0	17.0	0.0	489175.0	3958175.0
Lle-AHam_006.clmp.fp2_r1_screen	163169.0	15101.0	13995.0	3214.0	2028.0	1599.0	1022.0	508.0	58.0	1.0	750410.0	4737320.0
Lle-AHam_006.clmp.fp2_r2_screen	166637.0	15074.0	13857.0	3063.0	2028.0	1713.0	1032.0	562.0	18.0	0.0	757360.0	4727081.0
Lle-AHam_007.clmp.fp2_r1_screen	79556.0	17104.0	7211.0	2137.0	4074.0	983.0	655.0	302.0	11.0	6.0	300699.0	2794233.0
Lle-AHam_007.clmp.fp2_r2_screen	81659.0	17079.0	7116.0	2036.0	4085.0	997.0	603.0	291.0	17.0	0.0	303344.0	2789744.0
Lle-AHam_008.clmp.fp2_r1_screen	52896.0	5634.0	4432.0	1120.0	1250.0	533.0	263.0	89.0	7.0	0.0	178806.0	1751949.0
Lle-AHam_008.clmp.fp2_r2_screen	54005.0	5775.0	4592.0	1164.0	1278.0	548.0	253.0	90.0	5.0	0.0	179517.0	1749752.0
Lle-AHam_009.clmp.fp2_r1_screen	96753.0	10369.0	8729.0	2122.0	2733.0	1057.0	726.0	382.0	17.0	2.0	347596.0	3112802.0
Lle-AHam_009.clmp.fp2_r2_screen	99054.0	10357.0	8922.0	2188.0	2807.0	1057.0	619.0	352.0	16.0	0.0	350489.0	3107427.0
Lle-AHam_010.clmp.fp2_r1_screen	158219.0	19824.0	13260.0	3165.0	3243.0	1530.0	1003.0	540.0	24.0	1.0	582468.0	4403984.0
Lle-AHam_010.clmp.fp2_r2_screen	161447.0	19845.0	13436.0	3205.0	2995.0	1624.0	974.0	595.0	16.0	0.0	586402.0	4396722.0
Lle-AHam_011.clmp.fp2_r1_screen	62185.0	6856.0	5616.0	1502.0	2996.0	663.0	409.0	296.0	8.0	1.0	218754.0	1896499.0
Lle-AHam_011.clmp.fp2_r2_screen	64158.0	7049.0	5476.0	1418.0	2966.0	675.0	348.0	283.0	8.0	0.0	220638.0	1892766.0
Lle-AHam_012.clmp.fp2_r1_screen	97755.0	11035.0	7906.0	1856.0	3093.0	1034.0	550.0	448.0	17.0	0.0	428983.0	2510938.0
Lle-AHam_012.clmp.fp2_r2_screen	102499.0	11439.0	8199.0	1907.0	3099.0	1113.0	529.0	416.0	10.0	0.0	428061.0	2506343.0
Lle-AHam_013.clmp.fp2_r1_screen	7469.0	1111.0	612.0	136.0	9967.0	84.0	43.0	35.0	3.0	0.0	31398.0	280463.0
Lle-AHam_013.clmp.fp2_r2_screen	7466.0	1171.0	675.0	130.0	9641.0	60.0	36.0	29.0	0.0	0.0	31683.0	280430.0
Lle-AHam_014.clmp.fp2_r1_screen	140421.0	20303.0	12306.0	3216.0	2188.0	1448.0	929.0	542.0	79.0	4.0	571844.0	4122313.0
Lle-AHam_014.clmp.fp2_r2_screen	143475.0	19968.0	12644.0	3172.0	2226.0	1533.0	870.0	537.0	13.0	0.0	577618.0	4113537.0
Lle-AHam_015.clmp.fp2_r1_screen	146319.0	11221.0	12419.0	2822.0	1894.0	1413.0	833.0	595.0	81.0	0.0	685269.0	4162558.0
Lle-AHam_015.clmp.fp2_r2_screen	149121.0	11447.0	12299.0	2867.0	1842.0	1478.0	873.0	625.0	11.0	0.0	690343.0	4154518.0
Lle-AHam_016.clmp.fp2_r1_screen	34578.0	8135.0	2937.0	772.0	12077.0	410.0	180.0	148.0	12.0	0.0	135146.0	1035169.0
Lle-AHam_016.clmp.fp2_r2_screen	35868.0	7884.0	2974.0	756.0	11815.0	408.0	179.0	141.0	4.0	0.0	137439.0	1032096.0
Lle-AHam_017.clmp.fp2_r1_screen	187051.0	19181.0	15820.0	3833.0	3319.0	1767.0	1011.0	720.0	45.0	0.0	736270.0	4932425.0
Lle-AHam_017.clmp.fp2_r2_screen	191550.0	19413.0	16006.0	3714.0	3368.0	1922.0	1033.0	680.0	32.0	0.0	745463.0	4918261.0
Lle-AHam_018.clmp.fp2_r1_screen	141822.0	14940.0	11926.0	2920.0	2560.0	1511.0	855.0	481.0	21.0	1.0	604437.0	4048399.0
Lle-AHam_018.clmp.fp2_r2_screen	145534.0	15099.0	12164.0	2883.0	2551.0	1452.0	867.0	506.0	12.0	0.0	608617.0	4040188.0
Lle-AHam_019.clmp.fp2_r1_screen	110111.0	15790.0	9501.0	2186.0	1652.0	1068.0	766.0	388.0	11.0	4.0	587083.0	3410981.0
Lle-AHam_019.clmp.fp2_r2_screen	111540.0	15774.0	9530.0	2287.0	1697.0	1050.0	704.0	364.0	28.0	0.0	589311.0	3407256.0
Lle-AHam_020.clmp.fp2_r1_screen	68644.0	30009.0	6186.0	1389.0	9404.0	757.0	468.0	205.0	8.0	0.0	251309.0	2251666.0
Lle-AHam_020.clmp.fp2_r2_screen	70429.0	29293.0	6329.0	1302.0	9277.0	640.0	487.0	184.0	7.0	0.0	254361.0	2247736.0
Lle-AHam_021.clmp.fp2_r1_screen	107135.0	9743.0	9113.0	2047.0	1892.0	1141.0	637.0	361.0	16.0	1.0	503545.0	3412971.0
Lle-AHam_021.clmp.fp2_r2_screen	109569.0	9788.0	9108.0	2073.0	1874.0	1158.0	652.0	349.0	19.0	0.0	504280.0	3409732.0
Lle-AHam_022.clmp.fp2_r1_screen	94161.0	48726.0	8508.0	2009.0	18673.0	1045.0	603.0	375.0	14.0	3.0	360560.0	3034593.0
Lle-AHam_022.clmp.fp2_r2_screen	96432.0	48099.0	8832.0	2053.0	18552.0	1148.0	545.0	328.0	17.0	1.0	364381.0	3028882.0
Lle-AHam_023.clmp.fp2_r1_screen	135045.0	12796.0	11743.0	2789.0	3485.0	1269.0	677.0	612.0	21.0	2.0	549645.0	3535968.0
Lle-AHam_023.clmp.fp2_r2_screen	136951.0	12784.0	11934.0	2876.0	3553.0	1339.0	587.0	576.0	5.0	0.0	553435.0	3530012.0
Lle-AHam_024.clmp.fp2_r1_screen	97620.0	307344.0	8218.0	2133.0	3745.0	975.0	541.0	402.0	14.0	0.0	488053.0	2709762.0
Lle-AHam_024.clmp.fp2_r2_screen	100197.0	301728.0	8516.0	2243.0	3684.0	1079.0	557.0	422.0	13.0	0.0	490606.0	2709762.0
Lle-AHam_025.clmp.fp2_r1_screen	73284.0	8290.0	6050.0	1360.0	2603.0	691.0	341.0	254.0	32.0	0.0	270410.0	2050732.0
Lle-AHam_025.clmp.fp2_r2_screen	74702.0	8270.0	6109.0	1370.0	2611.0	703.0	339.0	304.0	7.0	0.0	273728.0	2045904.0
Lle-AHam_026.clmp.fp2_r1_screen	65918.0	5501.0	5647.0	1434.0	1228.0	705.0	420.0	238.0	41.0	0.0	223124.0	2451680.0
Lle-AHam_026.clmp.fp2_r2_screen	67375.0	5585.0	5817.0	1396.0	1282.0	700.0	427.0	241.0	10.0	0.0	225281.0	2447822.0
Lle-AHam_027.clmp.fp2_r1_screen	68456.0	5917.0	6054.0	1665.0	1693.0	616.0	439.0	262.0	28.0	1.0	231217.0	2551712.0
Lle-AHam_027.clmp.fp2_r2_screen	70178.0	6043.0	6088.0	1487.0	1635.0	816.0	419.0	260.0	8.0	0.0	234289.0	2546837.0
Lle-AHam_028.clmp.fp2_r1_screen	47716.0	4063.0	4062.0	1001.0	695.0	454.0	299.0	167.0	12.0	1.0	165802.0	1731015.0
Lle-AHam_028.clmp.fp2_r2_screen	49527.0	4138.0	4179.0	1039.0	757.0	460.0	316.0	191.0	5.0	0.0	168744.0	1725931.0
Lle-AHam_029.clmp.fp2_r1_screen	96762.0	15924.0	8835.0	1996.0	4030.0	1012.0	467.0	479.0	29.0	0.0	326402.0	3108842.0
Lle-AHam_029.clmp.fp2_r2_screen	100201.0	15796.0	8752.0	2068.0	4025.0	1022.0	473.0	497.0	8.0	1.0	331648.0	3100287.0
Lle-AHam_030.clmp.fp2_r1_screen	117418.0	12168.0	9881.0	2422.0	3498.0	1177.0	703.0	487.0	13.0	0.0	448775.0	3292253.0
Lle-AHam_030.clmp.fp2_r2_screen	120809.0	12628.0	10152.0	2317.0	3543.0	1171.0	637.0	393.0	13.0	0.0	451101.0	3286031.0
Lle-AHam_031.clmp.fp2_r1_screen	181171.0	15084.0	14713.0	3329.0	4182.0	1788.0	1047.0	575.0	20.0	0.0	686371.0	4415750.0
Lle-AHam_031.clmp.fp2_r2_screen	186307.0	14950.0	14988.0	3322.0	4126.0	1851.0	1046.0	608.0	24.0	0.0	691706.0	4405102.0
Lle-AHam_032.clmp.fp2_r1_screen	121636.0	10393.0	10533.0	2361.0	3080.0	1251.0	781.0	410.0	10.0	1.0	465347.0	3678497.0
Lle-AHam_032.clmp.fp2_r2_screen	123564.0	10519.0	10484.0	2390.0	3082.0	1248.0	698.0	439.0	10.0	0.0	467663.0	3674203.0
Lle-CNas_001.clmp.fp2_r1_screen	31341.0	3931.0	2691.0	1573.0	511.0	438.0	264.0	219.0	18.0	1.0	163639.0	2104920.0
Lle-CNas_001.clmp.fp2_r2_screen	32149.0	4037.0	2568.0	1567.0	548.0	440.0	252.0	184.0	3.0	0.0	165650.0	2102148.0
Lle-CNas_002.clmp.fp2_r1_screen	25157.0	2699.0	2033.0	1153.0	612.0	365.0	215.0	152.0	7.0	0.0	135307.0	1593851.0
Lle-CNas_002.clmp.fp2_r2_screen	25510.0	2760.0	2030.0	1149.0	640.0	355.0	212.0	165.0	7.0	0.0	135929.0	1592794.0
Lle-CNas_003.clmp.fp2_r1_screen	29798.0	3297.0	2626.0	1390.0	605.0	414.0	268.0	156.0	5.0	0.0	151366.0	2021071.0
Lle-CNas_003.clmp.fp2_r2_screen	30867.0	3333.0	2572.0	1380.0	590.0	465.0	290.0	180.0	4.0	0.0	153339.0	2017976.0
Lle-CNas_004.clmp.fp2_r1_screen	36933.0	3967.0	3292.0	1837.0	768.0	569.0	330.0	255.0	3.0	1.0	185152.0	2362734.0
Lle-CNas_004.clmp.fp2_r2_screen	37498.0	4051.0	2999.0	1741.0	799.0	560.0	293.0	281.0	9.0	0.0	186693.0	2360917.0
Lle-CNas_005.clmp.fp2_r1_screen	17696.0	2021.0	1503.0	914.0	582.0	259.0	147.0	123.0	3.0	0.0	90096.0	1294647.0
Lle-CNas_005.clmp.fp2_r2_screen	18074.0	2079.0	1427.0	869.0	580.0	275.0	167.0	134.0	3.0	0.0	90581.0	1293802.0
Lle-CNas_006.clmp.fp2_r1_screen	73808.0	8130.0	6426.0	3791.0	1469.0	1009.0	616.0	542.0	30.0	0.0	431023.0	4821820.0
Lle-CNas_006.clmp.fp2_r2_screen	76277.0	7853.0	6389.0	3774.0	1521.0	1094.0	538.0	522.0	16.0	0.0	434743.0	4815937.0
Lle-CNas_007.clmp.fp2_r1_screen	24765.0	2656.0	1993.0	1175.0	618.0	349.0	207.0	176.0	7.0	1.0	123270.0	1746941.0
Lle-CNas_007.clmp.fp2_r2_screen	25056.0	2752.0	1970.0	1231.0	602.0	335.0	228.0	154.0	11.0	0.0	124970.0	1744849.0
Lle-CNas_008.clmp.fp2_r1_screen	29803.0	3231.0	2466.0	1503.0	744.0	463.0	287.0	210.0	18.0	0.0	156409.0	1961035.0
Lle-CNas_008.clmp.fp2_r2_screen	30138.0	3217.0	2541.0	1509.0	770.0	430.0	267.0	203.0	9.0	0.0	157990.0	1959095.0
Lle-CNas_009.clmp.fp2_r1_screen	31437.0	3657.0	2694.0	1704.0	750.0	477.0	282.0	269.0	6.0	0.0	172532.0	2349837.0
Lle-CNas_009.clmp.fp2_r2_screen	32265.0	3714.0	2769.0	1634.0	784.0	416.0	285.0	292.0	10.0	0.0	175229.0	2346247.0
Lle-CNas_010.clmp.fp2_r1_screen	25946.0	3345.0	2151.0	1284.0	633.0	375.0	209.0	197.0	12.0	0.0	139273.0	1709573.0
Lle-CNas_010.clmp.fp2_r2_screen	26503.0	3400.0	2059.0	1226.0	572.0	393.0	199.0	168.0	5.0	0.0	140594.0	1707879.0
Lle-CNas_011.clmp.fp2_r1_screen	24854.0	2679.0	2093.0	1180.0	542.0	360.0	207.0	140.0	3.0	0.0	136142.0	1615466.0
Lle-CNas_011.clmp.fp2_r2_screen	25528.0	2711.0	2153.0	1172.0	534.0	314.0	219.0	131.0	7.0	0.0	136323.0	1614574.0
Lle-CNas_012.clmp.fp2_r1_screen	38775.0	4743.0	3460.0	2032.0	846.0	600.0	355.0	242.0	26.0	0.0	214862.0	2728889.0
Lle-CNas_012.clmp.fp2_r2_screen	39587.0	4731.0	3386.0	1987.0	818.0	549.0	344.0	256.0	7.0	0.0	215774.0	2727391.0
Lle-CNas_013.clmp.fp2_r1_screen	22779.0	2489.0	1912.0	1114.0	433.0	302.0	203.0	135.0	8.0	0.0	113178.0	1600137.0
Lle-CNas_013.clmp.fp2_r2_screen	23313.0	2558.0	1969.0	1116.0	474.0	327.0	178.0	130.0	4.0	0.0	113878.0	1598743.0
Lle-CNas_014.clmp.fp2_r1_screen	39516.0	4330.0	3447.0	1958.0	778.0	574.0	393.0	253.0	7.0	0.0	198887.0	2781884.0
Lle-CNas_014.clmp.fp2_r2_screen	40639.0	4269.0	3502.0	1910.0	772.0	550.0	346.0	262.0	12.0	0.0	201519.0	2778246.0
Lle-CNas_015.clmp.fp2_r1_screen	29448.0	3143.0	2539.0	1358.0	554.0	361.0	249.0	192.0	19.0	0.0	144581.0	1888423.0
Lle-CNas_015.clmp.fp2_r2_screen	29692.0	3150.0	2608.0	1336.0	570.0	413.0	259.0	184.0	4.0	0.0	146299.0	1886352.0
Lle-CNas_016.clmp.fp2_r1_screen	39521.0	4664.0	3320.0	1967.0	1081.0	540.0	351.0	263.0	4.0	0.0	219599.0	2599685.0
Lle-CNas_016.clmp.fp2_r2_screen	39663.0	4639.0	3339.0	1849.0	1025.0	530.0	339.0	267.0	7.0	0.0	220800.0	2598537.0
Lle-CNas_017.clmp.fp2_r1_screen	77495.0	7604.0	6488.0	3620.0	1440.0	1022.0	589.0	552.0	52.0	0.0	470490.0	4649272.0
Lle-CNas_017.clmp.fp2_r2_screen	79290.0	7680.0	6652.0	3725.0	1476.0	1023.0	665.0	580.0	14.0	0.0	474510.0	4643009.0
Lle-CNas_018.clmp.fp2_r1_screen	32734.0	3629.0	2792.0	1764.0	696.0	480.0	294.0	229.0	9.0	0.0	177557.0	2073390.0
Lle-CNas_018.clmp.fp2_r2_screen	33370.0	3640.0	2803.0	1628.0	663.0	405.0	313.0	220.0	9.0	0.0	179197.0	2071326.0
Lle-CNas_019.clmp.fp2_r1_screen	20869.0	2715.0	1751.0	1088.0	623.0	328.0	203.0	134.0	7.0	0.0	112157.0	1464186.0
Lle-CNas_019.clmp.fp2_r2_screen	21342.0	2688.0	1820.0	1093.0	587.0	297.0	170.0	146.0	3.0	0.0	113493.0	1462422.0
Lle-CNas_020.clmp.fp2_r1_screen	31617.0	3317.0	2600.0	1385.0	622.0	461.0	265.0	229.0	2.0	0.0	167829.0	2041418.0
Lle-CNas_020.clmp.fp2_r2_screen	32415.0	3211.0	2627.0	1377.0	673.0	454.0	221.0	239.0	8.0	0.0	169577.0	2038943.0
Lle-CNas_021.clmp.fp2_r1_screen	51758.0	5578.0	4417.0	3210.0	1273.0	738.0	419.0	380.0	12.0	0.0	287143.0	3669198.0
Lle-CNas_021.clmp.fp2_r2_screen	53552.0	5605.0	4495.0	3133.0	1280.0	754.0	421.0	411.0	12.0	0.0	291302.0	3663161.0
Lle-CNas_022.clmp.fp2_r1_screen	29762.0	3303.0	2553.0	1618.0	948.0	397.0	254.0	274.0	13.0	0.0	152432.0	2025506.0
Lle-CNas_022.clmp.fp2_r2_screen	30268.0	3253.0	2565.0	1503.0	1013.0	389.0	252.0	275.0	6.0	0.0	154248.0	2023288.0
Lle-CNas_023.clmp.fp2_r1_screen	45557.0	5506.0	3931.0	2474.0	1294.0	632.0	364.0	318.0	29.0	0.0	246642.0	3210991.0
Lle-CNas_023.clmp.fp2_r2_screen	47203.0	5332.0	4073.0	2335.0	1279.0	619.0	366.0	299.0	7.0	0.0	248048.0	3208177.0
Lle-CNas_024.clmp.fp2_r1_screen	26688.0	3118.0	2320.0	1336.0	486.0	386.0	233.0	176.0	6.0	0.0	128914.0	1794025.0
Lle-CNas_024.clmp.fp2_r2_screen	27161.0	2963.0	2317.0	1250.0	522.0	399.0	229.0	166.0	4.0	0.0	129631.0	1793046.0
Lle-CNas_025.clmp.fp2_r1_screen	32736.0	3992.0	2711.0	1647.0	651.0	456.0	309.0	194.0	12.0	2.0	170243.0	2166403.0
Lle-CNas_025.clmp.fp2_r2_screen	33324.0	3838.0	2758.0	1548.0	614.0	432.0	286.0	208.0	4.0	0.0	171131.0	2165213.0
Lle-CNas_026.clmp.fp2_r1_screen	11998.0	1317.0	932.0	530.0	240.0	145.0	74.0	89.0	6.0	0.0	70762.0	778294.0
Lle-CNas_026.clmp.fp2_r2_screen	12251.0	1266.0	1000.0	536.0	226.0	164.0	114.0	80.0	3.0	0.0	71059.0	777688.0
Lle-CNas_027.clmp.fp2_r1_screen	25189.0	3044.0	2251.0	1375.0	656.0	411.0	238.0	199.0	4.0	0.0	139184.0	1738307.0
Lle-CNas_027.clmp.fp2_r2_screen	25867.0	3042.0	2184.0	1340.0	636.0	338.0	237.0	166.0	7.0	0.0	139307.0	1737734.0
Lle-CNas_028.clmp.fp2_r1_screen	33046.0	4126.0	2762.0	1589.0	797.0	496.0	278.0	253.0	8.0	0.0	167638.0	2110158.0
Lle-CNas_028.clmp.fp2_r2_screen	33585.0	4280.0	2852.0	1575.0	801.0	523.0	274.0	259.0	8.0	0.0	168229.0	2108765.0
Lle-CNas_029.clmp.fp2_r1_screen	19711.0	2358.0	1685.0	1061.0	684.0	263.0	172.0	117.0	8.0	0.0	102322.0	1291753.0
Lle-CNas_029.clmp.fp2_r2_screen	20255.0	2376.0	1742.0	1044.0	663.0	264.0	165.0	135.0	5.0	0.0	102868.0	1290617.0
Lle-CNas_030.clmp.fp2_r1_screen	35414.0	3839.0	2944.0	1697.0	744.0	502.0	317.0	224.0	5.0	0.0	183443.0	2438258.0
Lle-CNas_030.clmp.fp2_r2_screen	36343.0	3999.0	3156.0	1675.0	743.0	531.0	324.0	221.0	9.0	0.0	184795.0	2435591.0
Lle-CNas_031.clmp.fp2_r1_screen	13945.0	1545.0	1202.0	688.0	581.0	202.0	116.0	98.0	1.0	0.0	75195.0	895564.0
Lle-CNas_031.clmp.fp2_r2_screen	14359.0	1497.0	1191.0	686.0	568.0	202.0	137.0	111.0	3.0	0.0	75116.0	895267.0
Lle-CNas_032.clmp.fp2_r1_screen	27506.0	2919.0	2258.0	1352.0	831.0	351.0	247.0	180.0	5.0	0.0	128436.0	1812841.0
Lle-CNas_032.clmp.fp2_r2_screen	27589.0	2938.0	2282.0	1346.0	816.0	364.0	273.0	196.0	6.0	0.0	129462.0	1811654.0
Lle-CNas_033.clmp.fp2_r1_screen	78687.0	8620.0	6620.0	4264.0	1595.0	1143.0	688.0	667.0	18.0	1.0	455349.0	5445053.0
Lle-CNas_033.clmp.fp2_r2_screen	81716.0	8636.0	6509.0	4066.0	1618.0	1125.0	627.0	673.0	27.0	0.0	460458.0	5437250.0
Lle-CNas_034.clmp.fp2_r1_screen	24731.0	2969.0	2166.0	1302.0	492.0	387.0	236.0	184.0	6.0	1.0	127721.0	1711231.0
Lle-CNas_034.clmp.fp2_r2_screen	25720.0	3097.0	2139.0	1255.0	524.0	363.0	218.0	147.0	3.0	0.0	129723.0	1708237.0
Lle-CNas_035.clmp.fp2_r1_screen	45360.0	5682.0	3805.0	2463.0	773.0	724.0	430.0	292.0	10.0	0.0	247419.0	3033169.0
Lle-CNas_035.clmp.fp2_r2_screen	46867.0	5622.0	3904.0	2314.0	803.0	689.0	398.0	343.0	8.0	0.0	248682.0	3030497.0
Lle-CNas_036.clmp.fp2_r1_screen	32040.0	3422.0	2674.0	1552.0	561.0	470.0	271.0	201.0	11.0	0.0	160663.0	2215675.0
Lle-CNas_036.clmp.fp2_r2_screen	32933.0	3460.0	2693.0	1544.0	578.0	389.0	267.0	181.0	6.0	0.0	162715.0	2212774.0
Lle-CNas_037.clmp.fp2_r1_screen	36079.0	3725.0	3064.0	1818.0	708.0	552.0	310.0	241.0	21.0	0.0	203273.0	2553689.0
Lle-CNas_037.clmp.fp2_r2_screen	37416.0	3879.0	3183.0	1737.0	727.0	521.0	315.0	278.0	11.0	0.0	206489.0	2548924.0
Lle-CNas_038.clmp.fp2_r1_screen	52212.0	6059.0	4387.0	2636.0	1147.0	713.0	468.0	389.0	39.0	0.0	305837.0	3484592.0
Lle-CNas_038.clmp.fp2_r2_screen	53712.0	6011.0	4506.0	2534.0	1115.0	721.0	483.0	397.0	17.0	0.0	308250.0	3480733.0
Lle-CNas_039.clmp.fp2_r1_screen	31639.0	3779.0	2679.0	1628.0	664.0	500.0	239.0	180.0	9.0	0.0	173332.0	1986877.0
Lle-CNas_039.clmp.fp2_r2_screen	32042.0	3599.0	2605.0	1582.0	661.0	448.0	256.0	225.0	9.0	0.0	174103.0	1985996.0
Lle-CNas_040.clmp.fp2_r1_screen	41669.0	4596.0	3598.0	2062.0	836.0	591.0	400.0	260.0	12.0	0.0	240674.0	2797611.0
Lle-CNas_040.clmp.fp2_r2_screen	42412.0	4537.0	3683.0	1947.0	770.0	575.0	393.0	281.0	17.0	0.0	242247.0	2795447.0
Lle-CNas_041.clmp.fp2_r1_screen	43953.0	6320.0	3779.0	2284.0	792.0	617.0	376.0	319.0	15.0	0.0	264987.0	2774655.0
Lle-CNas_041.clmp.fp2_r2_screen	45089.0	6439.0	3872.0	2319.0	879.0	581.0	323.0	365.0	10.0	0.0	266353.0	2771867.0
Lle-CNas_042.clmp.fp2_r1_screen	64026.0	7474.0	5385.0	2907.0	1254.0	950.0	562.0	499.0	28.0	0.0	385609.0	4081725.0
Lle-CNas_042.clmp.fp2_r2_screen	66161.0	7617.0	5470.0	2901.0	1277.0	908.0	571.0	537.0	20.0	0.0	389602.0	4075355.0
Lle-CNas_043.clmp.fp2_r1_screen	9339.0	992.0	758.0	481.0	264.0	133.0	82.0	55.0	2.0	0.0	43813.0	608984.0
Lle-CNas_043.clmp.fp2_r2_screen	9425.0	972.0	739.0	454.0	269.0	126.0	80.0	59.0	5.0	0.0	44122.0	608652.0
Lle-CNas_044.clmp.fp2_r1_screen	33431.0	3785.0	2798.0	1667.0	757.0	491.0	292.0	183.0	7.0	0.0	185133.0	2154602.0
Lle-CNas_044.clmp.fp2_r2_screen	34123.0	3677.0	2819.0	1659.0	772.0	471.0	272.0	189.0	6.0	1.0	186462.0	2152695.0
Lle-CNas_045.clmp.fp2_r1_screen	54167.0	7950.0	4748.0	2862.0	1183.0	769.0	465.0	395.0	14.0	3.0	305034.0	3695650.0
Lle-CNas_045.clmp.fp2_r2_screen	55921.0	7948.0	4760.0	2901.0	1222.0	781.0	422.0	418.0	15.0	0.0	308090.0	3690762.0
Lle-CNas_046.clmp.fp2_r1_screen	28872.0	3568.0	2478.0	1482.0	683.0	407.0	272.0	183.0	10.0	0.0	149901.0	1944439.0
Lle-CNas_046.clmp.fp2_r2_screen	29879.0	3512.0	2386.0	1339.0	617.0	428.0	258.0	183.0	8.0	0.0	151378.0	1942307.0
Lle-CNas_047.clmp.fp2_r1_screen	24683.0	2898.0	2165.0	1180.0	658.0	385.0	239.0	145.0	10.0	0.0	131989.0	1558407.0
Lle-CNas_047.clmp.fp2_r2_screen	25516.0	2871.0	2161.0	1120.0	675.0	334.0	235.0	171.0	8.0	0.0	133673.0	1555995.0
Lle-CNas_048.clmp.fp2_r1_screen	30227.0	3888.0	2540.0	1428.0	718.0	421.0	295.0	174.0	13.0	0.0	145605.0	2018118.0
Lle-CNas_048.clmp.fp2_r2_screen	30754.0	3702.0	2574.0	1434.0	726.0	445.0	236.0	185.0	7.0	0.0	147669.0	2015695.0
Lle-CNas_049.clmp.fp2_r1_screen	20665.0	2248.0	1688.0	1052.0	449.0	296.0	171.0	118.0	4.0	0.0	99471.0	1419931.0
Lle-CNas_049.clmp.fp2_r2_screen	20944.0	2233.0	1815.0	1066.0	462.0	273.0	194.0	129.0	0.0	0.0	100128.0	1418849.0
Lle-CNas_050.clmp.fp2_r1_screen	32206.0	3511.0	2713.0	1405.0	803.0	497.0	313.0	188.0	17.0	0.0	167701.0	1994363.0
Lle-CNas_050.clmp.fp2_r2_screen	32821.0	3559.0	2769.0	1375.0	814.0	488.0	295.0	189.0	5.0	0.0	168802.0	1992600.0
Lle-CNas_051.clmp.fp2_r1_screen	24751.0	3054.0	2142.0	1291.0	507.0	387.0	194.0	277.0	5.0	0.0	126767.0	1731194.0
Lle-CNas_051.clmp.fp2_r2_screen	25739.0	3099.0	2072.0	1229.0	502.0	341.0	212.0	312.0	3.0	0.0	128513.0	1728547.0
Lle-CNas_052.clmp.fp2_r1_screen	13667.0	1434.0	1223.0	672.0	376.0	200.0	140.0	120.0	6.0	0.0	79099.0	924523.0
Lle-CNas_052.clmp.fp2_r2_screen	13981.0	1442.0	1154.0	660.0	369.0	172.0	140.0	110.0	2.0	0.0	80031.0	923399.0
Lle-CNas_053.clmp.fp2_r1_screen	30566.0	3296.0	2507.0	1381.0	564.0	526.0	246.0	254.0	10.0	0.0	153389.0	2101763.0
Lle-CNas_053.clmp.fp2_r2_screen	31354.0	3276.0	2582.0	1478.0	557.0	399.0	258.0	248.0	7.0	0.0	154874.0	2099469.0
Lle-CNas_054.clmp.fp2_r1_screen	49846.0	5802.0	4253.0	2473.0	1064.0	724.0	370.0	416.0	17.0	0.0	314906.0	3002765.0
Lle-CNas_054.clmp.fp2_r2_screen	51288.0	5771.0	4225.0	2424.0	1009.0	639.0	353.0	400.0	16.0	0.0	316790.0	2999721.0
Lle-CNas_055.clmp.fp2_r1_screen	27108.0	3414.0	2311.0	1248.0	747.0	389.0	225.0	157.0	4.0	1.0	140073.0	1765499.0
Lle-CNas_055.clmp.fp2_r2_screen	27951.0	3367.0	2349.0	1277.0	742.0	350.0	252.0	146.0	1.0	0.0	140989.0	1763752.0
Lle-CNas_056.clmp.fp2_r1_screen	68891.0	8794.0	6077.0	3709.0	1554.0	969.0	626.0	560.0	18.0	0.0	407823.0	4577486.0
Lle-CNas_056.clmp.fp2_r2_screen	71065.0	8452.0	5981.0	3634.0	1580.0	957.0	601.0	575.0	20.0	0.0	413771.0	4569871.0
Lle-CNas_057.clmp.fp2_r1_screen	31560.0	3772.0	2726.0	1535.0	729.0	455.0	251.0	192.0	7.0	0.0	157971.0	2133331.0
Lle-CNas_057.clmp.fp2_r2_screen	31780.0	3790.0	2713.0	1507.0	800.0	426.0	303.0	190.0	3.0	0.0	159086.0	2131931.0
Lle-CNas_058.clmp.fp2_r1_screen	33500.0	4331.0	2824.0	1578.0	684.0	489.0	276.0	204.0	16.0	0.0	172316.0	2093798.0
Lle-CNas_058.clmp.fp2_r2_screen	34056.0	4233.0	2883.0	1634.0	711.0	477.0	289.0	214.0	9.0	0.0	173560.0	2091950.0
Lle-CNas_059.clmp.fp2_r1_screen	33270.0	3728.0	2780.0	1533.0	662.0	489.0	280.0	286.0	16.0	0.0	164685.0	2298039.0
Lle-CNas_059.clmp.fp2_r2_screen	34018.0	3732.0	2780.0	1451.0	657.0	469.0	319.0	273.0	4.0	0.0	166281.0	2295784.0
Lle-CNas_060.clmp.fp2_r1_screen	23570.0	2820.0	2048.0	1131.0	549.0	343.0	195.0	156.0	10.0	0.0	113715.0	1580248.0
Lle-CNas_060.clmp.fp2_r2_screen	24601.0	2793.0	1986.0	1103.0	578.0	312.0	209.0	149.0	5.0	0.0	115389.0	1577660.0
Lle-CNas_061.clmp.fp2_r1_screen	15200.0	2687.0	1321.0	779.0	399.0	228.0	138.0	99.0	2.0	0.0	77974.0	1131887.0
Lle-CNas_061.clmp.fp2_r2_screen	15440.0	2658.0	1329.0	742.0	415.0	184.0	122.0	104.0	1.0	0.0	78324.0	1131395.0
Lle-CNas_062.clmp.fp2_r1_screen	22232.0	2735.0	1931.0	1132.0	539.0	329.0	188.0	149.0	6.0	0.0	125067.0	1573657.0
Lle-CNas_062.clmp.fp2_r2_screen	22549.0	2711.0	1972.0	1173.0	577.0	364.0	161.0	171.0	7.0	0.0	126869.0	1571411.0
Lle-CNas_063.clmp.fp2_r1_screen	22517.0	2411.0	1762.0	966.0	467.0	288.0	132.0	67.0	3.0	0.0	74516.0	1176387.0
Lle-CNas_063.clmp.fp2_r2_screen	22972.0	2374.0	1691.0	991.0	449.0	302.0	133.0	77.0	4.0	0.0	75288.0	1175235.0
Lle-CNas_064.clmp.fp2_r1_screen	17163.0	2179.0	1496.0	908.0	483.0	250.0	160.0	131.0	11.0	0.0	95818.0	1188996.0
Lle-CNas_064.clmp.fp2_r2_screen	17391.0	2233.0	1564.0	830.0	486.0	263.0	160.0	120.0	6.0	0.0	96854.0	1187688.0
Lle-CNas_065.clmp.fp2_r1_screen	32924.0	3822.0	2753.0	1614.0	716.0	466.0	300.0	244.0	6.0	0.0	174189.0	2181129.0
Lle-CNas_065.clmp.fp2_r2_screen	33633.0	3941.0	2845.0	1462.0	716.0	473.0	275.0	240.0	2.0	0.0	174407.0	2180169.0
Lle-CNas_066.clmp.fp2_r1_screen	13907.0	1590.0	1197.0	732.0	386.0	184.0	108.0	86.0	4.0	0.0	73924.0	1012410.0
Lle-CNas_066.clmp.fp2_r2_screen	14397.0	1615.0	1182.0	675.0	383.0	194.0	119.0	85.0	2.0	0.0	74681.0	1011195.0
Lle-CNas_067.clmp.fp2_r1_screen	27986.0	3120.0	2445.0	1430.0	597.0	439.0	268.0	179.0	4.0	0.0	135524.0	1882862.0
Lle-CNas_067.clmp.fp2_r2_screen	28784.0	2954.0	2500.0	1401.0	623.0	382.0	237.0	170.0	4.0	0.0	137197.0	1880602.0
Lle-CNas_068.clmp.fp2_r1_screen	83200.0	9460.0	6991.0	4482.0	1925.0	1324.0	794.0	693.0	28.0	4.0	478537.0	5832649.0
Lle-CNas_068.clmp.fp2_r2_screen	86390.0	9597.0	7167.0	4335.0	1920.0	1245.0	708.0	684.0	31.0	0.0	483066.0	5824944.0
Lle-CNas_069.clmp.fp2_r1_screen	22436.0	2452.0	1886.0	1070.0	645.0	317.0	158.0	147.0	4.0	0.0	106668.0	1461661.0
Lle-CNas_069.clmp.fp2_r2_screen	22619.0	2520.0	1819.0	1078.0	626.0	305.0	180.0	147.0	7.0	0.0	107441.0	1460702.0
Lle-CNas_070.clmp.fp2_r1_screen	27176.0	3303.0	2255.0	1359.0	684.0	407.0	252.0	179.0	15.0	0.0	139266.0	1785821.0
Lle-CNas_070.clmp.fp2_r2_screen	27928.0	3229.0	2133.0	1305.0	740.0	338.0	267.0	158.0	3.0	0.0	140168.0	1784448.0
Lle-CNas_071.clmp.fp2_r1_screen	28727.0	3310.0	2331.0	1409.0	615.0	432.0	251.0	210.0	13.0	0.0	146378.0	1852633.0
Lle-CNas_071.clmp.fp2_r2_screen	29073.0	3353.0	2321.0	1351.0	592.0	412.0	202.0	201.0	12.0	0.0	146973.0	1851819.0
Lle-CNas_072.clmp.fp2_r1_screen	32416.0	3526.0	2757.0	1510.0	580.0	468.0	256.0	194.0	11.0	1.0	166189.0	2091955.0
Lle-CNas_072.clmp.fp2_r2_screen	32722.0	3499.0	2705.0	1571.0	548.0	487.0	277.0	211.0	7.0	0.0	168641.0	2089195.0
Lle-CNas_073.clmp.fp2_r1_screen	31638.0	3389.0	2685.0	1414.0	588.0	500.0	264.0	232.0	11.0	0.0	161345.0	2081156.0
Lle-CNas_073.clmp.fp2_r2_screen	32523.0	3303.0	2725.0	1429.0	638.0	442.0	292.0	200.0	6.0	0.0	162106.0	2079558.0
Lle-CNas_074.clmp.fp2_r1_screen	30721.0	3322.0	2691.0	1484.0	878.0	462.0	272.0	240.0	12.0	0.0	160322.0	1980264.0
Lle-CNas_074.clmp.fp2_r2_screen	31441.0	3273.0	2692.0	1512.0	905.0	437.0	264.0	191.0	7.0	0.0	160990.0	1978956.0
Lle-CNas_075.clmp.fp2_r1_screen	33804.0	3679.0	2797.0	1578.0	790.0	471.0	299.0	196.0	3.0	0.0	178361.0	2045412.0
Lle-CNas_075.clmp.fp2_r2_screen	34140.0	3632.0	2851.0	1521.0	803.0	469.0	262.0	246.0	4.0	0.0	180091.0	2043371.0
Lle-CNas_076.clmp.fp2_r1_screen	34446.0	3984.0	2987.0	1573.0	785.0	538.0	340.0	239.0	4.0	0.0	179979.0	2230092.0
Lle-CNas_076.clmp.fp2_r2_screen	35236.0	4024.0	2949.0	1617.0	767.0	464.0	312.0	257.0	13.0	0.0	180955.0	2228373.0
Lle-CNas_077.clmp.fp2_r1_screen	25311.0	3165.0	2082.0	1309.0	722.0	382.0	191.0	164.0	10.0	0.0	142968.0	1624548.0
Lle-CNas_077.clmp.fp2_r2_screen	25920.0	3184.0	2178.0	1302.0	711.0	347.0	233.0	157.0	4.0	0.0	143889.0	1622927.0
Lle-CNas_078.clmp.fp2_r1_screen	27106.0	3556.0	2322.0	1279.0	571.0	387.0	215.0	142.0	3.0	0.0	128642.0	1873273.0
Lle-CNas_078.clmp.fp2_r2_screen	28401.0	3452.0	2433.0	1310.0	561.0	389.0	222.0	159.0	6.0	0.0	129327.0	1871236.0
Lle-CNas_079.clmp.fp2_r1_screen	40289.0	6866.0	3513.0	2127.0	863.0	605.0	359.0	295.0	5.0	1.0	235186.0	2812660.0
Lle-CNas_079.clmp.fp2_r2_screen	41631.0	6821.0	3444.0	2092.0	862.0	598.0	381.0	308.0	11.0	0.0	236444.0	2810177.0
Lle-CNas_080.clmp.fp2_r1_screen	25939.0	2854.0	2280.0	1320.0	664.0	442.0	258.0	192.0	10.0	1.0	142384.0	1850594.0
Lle-CNas_080.clmp.fp2_r2_screen	26893.0	2830.0	2156.0	1491.0	712.0	409.0	248.0	188.0	5.0	0.0	144453.0	1847553.0
Lle-CNas_081.clmp.fp2_r1_screen	45190.0	5739.0	3830.0	2138.0	945.0	624.0	427.0	300.0	10.0	0.0	240510.0	2780581.0
Lle-CNas_081.clmp.fp2_r2_screen	46893.0	5555.0	3983.0	2046.0	946.0	634.0	416.0	304.0	7.0	0.0	241393.0	2778117.0
Lle-CNas_082.clmp.fp2_r1_screen	29361.0	3161.0	2547.0	1429.0	538.0	405.0	205.0	276.0	12.0	0.0	150088.0	1820754.0
Lle-CNas_082.clmp.fp2_r2_screen	29903.0	3223.0	2579.0	1433.0	564.0	397.0	245.0	243.0	10.0	0.0	150228.0	1819951.0
Lle-CNas_083.clmp.fp2_r1_screen	42560.0	4354.0	3583.0	1969.0	759.0	589.0	327.0	370.0	24.0	0.0	226436.0	2682850.0
Lle-CNas_083.clmp.fp2_r2_screen	43136.0	4464.0	3655.0	1994.0	732.0	626.0	328.0	337.0	9.0	0.0	228357.0	2680183.0
Lle-CNas_084.clmp.fp2_r1_screen	35256.0	4790.0	3213.0	1858.0	903.0	535.0	315.0	383.0	15.0	0.0	198016.0	2486154.0
Lle-CNas_084.clmp.fp2_r2_screen	36365.0	4681.0	3301.0	1746.0	935.0	515.0	345.0	265.0	9.0	0.0	200126.0	2483150.0
Lle-CNas_085.clmp.fp2_r1_screen	34651.0	4077.0	2915.0	1566.0	710.0	475.0	302.0	211.0	11.0	0.0	184445.0	2277332.0
Lle-CNas_085.clmp.fp2_r2_screen	35397.0	4050.0	2838.0	1533.0	683.0	492.0	342.0	213.0	2.0	0.0	186069.0	2275076.0
Lle-CNas_086.clmp.fp2_r1_screen	27475.0	3251.0	2363.0	1339.0	663.0	377.0	207.0	181.0	17.0	0.0	145360.0	1759162.0
Lle-CNas_086.clmp.fp2_r2_screen	27791.0	3142.0	2427.0	1346.0	661.0	375.0	238.0	204.0	6.0	0.0	146596.0	1757609.0
Lle-CNas_087.clmp.fp2_r1_screen	28690.0	3311.0	2404.0	1426.0	708.0	429.0	243.0	207.0	10.0	0.0	143859.0	1864835.0
Lle-CNas_087.clmp.fp2_r2_screen	29066.0	3302.0	2536.0	1341.0	666.0	392.0	239.0	157.0	5.0	0.0	145015.0	1863403.0
Lle-CNas_088.clmp.fp2_r1_screen	32015.0	3844.0	2744.0	1691.0	731.0	496.0	307.0	208.0	12.0	0.0	176869.0	2083048.0
Lle-CNas_088.clmp.fp2_r2_screen	32377.0	3834.0	2739.0	1671.0	678.0	430.0	281.0	199.0	10.0	0.0	177619.0	2082127.0
Lle-CNas_089.clmp.fp2_r1_screen	29101.0	3155.0	2422.0	1449.0	763.0	387.0	215.0	197.0	3.0	0.0	152611.0	1814994.0
Lle-CNas_089.clmp.fp2_r2_screen	29473.0	3088.0	2457.0	1460.0	776.0	435.0	255.0	185.0	11.0	0.0	152765.0	1814392.0
Lle-CNas_090.clmp.fp2_r1_screen	26953.0	3341.0	2287.0	1543.0	608.0	377.0	295.0	216.0	4.0	0.0	145801.0	1908723.0
Lle-CNas_090.clmp.fp2_r2_screen	27490.0	3324.0	2428.0	1580.0	635.0	346.0	221.0	214.0	3.0	0.0	147484.0	1906423.0
Lle-CNas_091.clmp.fp2_r1_screen	23004.0	2497.0	1984.0	1215.0	546.0	358.0	205.0	133.0	3.0	1.0	117654.0	1652389.0
Lle-CNas_091.clmp.fp2_r2_screen	23227.0	2524.0	2012.0	1184.0	566.0	343.0	203.0	125.0	5.0	0.0	119031.0	1650769.0
Lle-CNas_092.clmp.fp2_r1_screen	66132.0	7228.0	5538.0	3436.0	1259.0	993.0	603.0	457.0	12.0	1.0	379024.0	4698456.0
Lle-CNas_092.clmp.fp2_r2_screen	68430.0	7095.0	5595.0	3403.0	1233.0	948.0	568.0	466.0	19.0	0.0	384671.0	4690711.0
Lle-CNas_093.clmp.fp2_r1_screen	19255.0	2333.0	1619.0	955.0	408.0	278.0	183.0	164.0	9.0	0.0	110856.0	1404821.0
Lle-CNas_093.clmp.fp2_r2_screen	19972.0	2364.0	1669.0	941.0	404.0	268.0	168.0	143.0	6.0	0.0	111666.0	1403280.0
Lle-CNas_094.clmp.fp2_r1_screen	29294.0	3678.0	2535.0	1395.0	808.0	406.0	235.0	213.0	8.0	1.0	153102.0	1914638.0
Lle-CNas_094.clmp.fp2_r2_screen	29510.0	3594.0	2499.0	1491.0	783.0	465.0	242.0	179.0	4.0	0.0	153961.0	1913585.0
Lle-CNas_095.clmp.fp2_r1_screen	66343.0	8040.0	5699.0	3508.0	1219.0	1053.0	640.0	530.0	41.0	1.0	378357.0	4439004.0
Lle-CNas_095.clmp.fp2_r2_screen	67889.0	8301.0	5648.0	3513.0	1212.0	1043.0	597.0	524.0	19.0	0.0	380118.0	4435571.0
Lle-CNas_096.clmp.fp2_r1_screen	48911.0	6648.0	4120.0	2531.0	968.0	701.0	399.0	492.0	13.0	0.0	300050.0	3312915.0
Lle-CNas_096.clmp.fp2_r2_screen	50057.0	6597.0	4116.0	2485.0	995.0	686.0	415.0	519.0	6.0	0.0	302267.0	3309605.0
