Sample	total_reads	Human counts	Human percentage	Ecoli counts	Ecoli percentage	PhiX counts	PhiX percentage	Contamnts_Adaptrs counts	Contamnts_Adaptrs percentage	Vectors counts	Vectors percentage	Bacteria_24k counts	Bacteria_24k percentage	Protists_1k counts	Protists_1k percentage	Viruses counts	Viruses percentage	Fungi_RefSeq_release counts	Fungi_RefSeq_release percentage	Coral counts	Coral percentage	Bird counts	Bird percentage	Plant counts	Plant percentage	No hits counts	No hits percentage
Lle-AHam_001.clmp.fp2_r1_screen	3721610	333025.0	8.95	72.0	0.0	0.0	0.0	1053.0	0.02	79023.0	2.12	193739.0	5.2	456306.0	12.26	177717.0	4.7700000000000005	335472.0	9.01	196450.0	5.27	241887.0	6.5	230160.0	6.18	3220681	86.54
Lle-AHam_001.clmp.fp2_r2_screen	3721610	337904.0	9.07	76.0	0.0	0.0	0.0	32.0	0.0	78241.0	2.1	193341.0	5.2	465515.0	12.5	176737.0	4.75	338995.0	9.11	197693.0	5.3100000000000005	244409.0	6.58	232783.0	6.25	3211749	86.3
Lle-AHam_002.clmp.fp2_r1_screen	3571464	269897.0	7.56	33.0	0.0	0.0	0.0	622.0	0.02	57268.0	1.61	155043.0	4.34	394365.0	11.049999999999999	141917.0	3.9699999999999998	283207.0	7.92	157724.0	4.41	196573.0	5.51	187951.0	5.26	3146459	88.1
Lle-AHam_002.clmp.fp2_r2_screen	3571464	273551.0	7.66	47.0	0.0	0.0	0.0	28.0	0.0	55831.0	1.57	154873.0	4.34	402027.0	11.26	141797.0	3.97	287313.0	8.040000000000001	158502.0	4.44	198395.0	5.55	190514.0	5.33	3138245	87.87
Lle-AHam_003.clmp.fp2_r1_screen	5001887	442408.0	8.85	7.0	0.0	0.0	0.0	711.0	0.01	167709.0	3.36	284103.0	5.68	615772.0	12.31	271174.0	5.42	460566.0	9.209999999999999	291302.0	5.82	344937.0	6.89	330285.0	6.59	4346139	86.89
Lle-AHam_003.clmp.fp2_r2_screen	5001887	445917.0	8.92	7.0	0.0	0.0	0.0	71.0	0.0	165597.0	3.31	283719.0	5.67	622174.0	12.43	271026.0	5.42	462990.0	9.25	292648.0	5.84	345704.0	6.91	332344.0	6.64	4339136	86.75
Lle-AHam_004.clmp.fp2_r1_screen	4872370	496838.0	10.21	28.0	0.0	1.0	0.0	715.0	0.01	125081.0	2.57	299472.0	6.15	690567.0	14.169999999999998	278730.0	5.72	518325.0	10.639999999999999	305926.0	6.27	376038.0	7.72	359200.0	7.37	4140540	84.98
Lle-AHam_004.clmp.fp2_r2_screen	4872370	501704.0	10.3	35.0	0.0	0.0	0.0	33.0	0.0	123376.0	2.53	299865.0	6.16	699181.0	14.350000000000001	279341.0	5.7299999999999995	522520.0	10.73	307291.0	6.3	378394.0	7.7700000000000005	361832.0	7.42	4131282	84.79
Lle-AHam_005.clmp.fp2_r1_screen	4608961	426196.0	9.25	30.0	0.0	0.0	0.0	636.0	0.01	126420.0	2.74	258693.0	5.609999999999999	599414.0	13.010000000000002	244985.0	5.319999999999999	444695.0	9.649999999999999	266445.0	5.78	322579.0	7.0	312001.0	6.779999999999999	3969237	86.12
Lle-AHam_005.clmp.fp2_r2_screen	4608961	431902.0	9.37	24.0	0.0	0.0	0.0	28.0	0.0	124736.0	2.7	259677.0	5.630000000000001	609512.0	13.23	246327.0	5.34	450855.0	9.79	268439.0	5.82	324862.0	7.06	315264.0	6.840000000000001	3958175	85.88
Lle-AHam_006.clmp.fp2_r1_screen	5688425	677275.0	11.9	8.0	0.0	0.0	0.0	689.0	0.01	318183.0	5.59	468601.0	8.24	902407.0	15.85	454581.0	7.9799999999999995	704905.0	12.399999999999999	479455.0	8.43	550132.0	9.68	534195.0	9.389999999999999	4737320	83.28
Lle-AHam_006.clmp.fp2_r2_screen	5688425	683604.0	12.01	6.0	0.0	0.0	0.0	64.0	0.0	314074.0	5.52	468389.0	8.24	912734.0	16.04	454679.0	7.989999999999999	710081.0	12.479999999999999	481194.0	8.459999999999999	553295.0	9.73	538640.0	9.47	4727081	83.1
Lle-AHam_007.clmp.fp2_r1_screen	3206971	272772.0	8.5	37.0	0.0	0.0	0.0	748.0	0.02	82824.0	2.58	163730.0	5.109999999999999	372949.0	11.629999999999999	150099.0	4.68	273062.0	8.51	165323.0	5.15	200511.0	6.26	191646.0	5.970000000000001	2794233	87.13
Lle-AHam_007.clmp.fp2_r2_screen	3206971	275337.0	8.59	44.0	0.0	0.0	0.0	22.0	0.0	81932.0	2.5599999999999996	164076.0	5.12	377917.0	11.79	150059.0	4.68	275505.0	8.58	166779.0	5.2	201732.0	6.29	193850.0	6.050000000000001	2789744	86.99
Lle-AHam_008.clmp.fp2_r1_screen	1996979	159464.0	7.98	12.0	0.0	0.0	0.0	238.0	0.01	66746.0	3.34	101586.0	5.08	228757.0	11.46	97553.0	4.88	163706.0	8.19	103010.0	5.1499999999999995	120878.0	6.050000000000001	116517.0	5.84	1751949	87.73
Lle-AHam_008.clmp.fp2_r2_screen	1996979	160489.0	8.04	9.0	0.0	0.0	0.0	22.0	0.0	66202.0	3.3099999999999996	101009.0	5.05	230437.0	11.54	97426.0	4.87	164522.0	8.24	102739.0	5.140000000000001	120815.0	6.04	116596.0	5.84	1749752	87.62
Lle-AHam_009.clmp.fp2_r1_screen	3583288	304405.0	8.49	28.0	0.0	1.0	0.0	804.0	0.02	95567.0	2.67	185011.0	5.17	435956.0	12.16	174702.0	4.88	318888.0	8.9	190612.0	5.32	232745.0	6.5	220795.0	6.16	3112802	86.87
Lle-AHam_009.clmp.fp2_r2_screen	3583288	307388.0	8.57	30.0	0.0	1.0	0.0	44.0	0.0	94312.0	2.63	184770.0	5.16	441641.0	12.32	174543.0	4.869999999999999	321497.0	8.969999999999999	191884.0	5.35	233841.0	6.52	222295.0	6.2	3107427	86.72
Lle-AHam_010.clmp.fp2_r1_screen	5187261	515772.0	9.95	16.0	0.0	1.0	0.0	697.0	0.01	165196.0	3.18	311940.0	6.01	728902.0	14.049999999999999	294481.0	5.68	535341.0	10.32	319445.0	6.16	388447.0	7.48	374270.0	7.2	4403984	84.9
Lle-AHam_010.clmp.fp2_r2_screen	5187261	518874.0	10.0	14.0	0.0	0.0	0.0	47.0	0.0	163585.0	3.1599999999999997	310239.0	5.99	735530.0	14.18	293567.0	5.65	537997.0	10.379999999999999	319637.0	6.16	389817.0	7.52	375097.0	7.23	4396722	84.76
Lle-AHam_011.clmp.fp2_r1_screen	2195785	189416.0	8.63	54.0	0.0	0.0	0.0	758.0	0.03	39614.0	1.81	108941.0	4.96	275975.0	12.58	99460.0	4.52	198990.0	9.05	108246.0	4.92	136050.0	6.2	130615.0	5.95	1896499	86.37
Lle-AHam_011.clmp.fp2_r2_screen	2195785	192173.0	8.75	45.0	0.0	0.0	0.0	20.0	0.0	38215.0	1.74	107923.0	4.91	279924.0	12.74	99135.0	4.51	200812.0	9.15	108642.0	4.95	137032.0	6.25	131913.0	6.02	1892766	86.2
Lle-AHam_012.clmp.fp2_r1_screen	3063615	382215.0	12.48	35.0	0.0	0.0	0.0	1015.0	0.03	72901.0	2.38	228434.0	7.45	519297.0	16.95	208512.0	6.8100000000000005	396474.0	12.95	226951.0	7.4	286754.0	9.37	273050.0	8.92	2510938	81.96
Lle-AHam_012.clmp.fp2_r2_screen	3063615	382120.0	12.48	38.0	0.0	0.0	0.0	30.0	0.0	70740.0	2.31	224725.0	7.33	523256.0	17.080000000000002	205698.0	6.720000000000001	394970.0	12.89	225385.0	7.3500000000000005	283519.0	9.26	271233.0	8.85	2506343	81.81
Lle-AHam_013.clmp.fp2_r1_screen	331321	22895.0	6.9	119.0	0.03	0.0	0.0	41.0	0.01	4533.0	1.37	28915.0	8.73	38338.0	11.57	12287.0	3.7	23482.0	7.08	13303.0	4.0200000000000005	16504.0	4.98	15717.0	4.73	280463	84.65
Lle-AHam_013.clmp.fp2_r2_screen	331321	23135.0	6.99	114.0	0.03	0.0	0.0	0.0	0.0	4447.0	1.34	28653.0	8.65	38624.0	11.65	12266.0	3.69	23724.0	7.17	13246.0	4.0	16545.0	4.98	15956.0	4.819999999999999	280430	84.64
Lle-AHam_014.clmp.fp2_r1_screen	4875593	516061.0	10.59	27.0	0.0	1.0	0.0	504.0	0.01	155941.0	3.2	313424.0	6.43	701758.0	14.39	298174.0	6.11	526932.0	10.82	321224.0	6.59	388932.0	7.99	370814.0	7.6	4122313	84.55
Lle-AHam_014.clmp.fp2_r2_screen	4875593	520502.0	10.68	30.0	0.0	0.0	0.0	31.0	0.0	154350.0	3.17	313812.0	6.4399999999999995	711045.0	14.58	298452.0	6.12	532126.0	10.9	321758.0	6.6	391275.0	8.03	372936.0	7.640000000000001	4113537	84.37
Lle-AHam_015.clmp.fp2_r1_screen	5025424	616221.0	12.26	11.0	0.0	0.0	0.0	704.0	0.01	218609.0	4.35	409752.0	8.15	820933.0	16.34	388975.0	7.7299999999999995	642517.0	12.780000000000001	418449.0	8.32	493392.0	9.82	472928.0	9.4	4162558	82.83
Lle-AHam_015.clmp.fp2_r2_screen	5025424	620713.0	12.35	10.0	0.0	0.0	0.0	57.0	0.0	215661.0	4.289999999999999	409235.0	8.15	828823.0	16.5	388089.0	7.720000000000001	646740.0	12.88	419629.0	8.35	494865.0	9.85	474509.0	9.44	4154518	82.67
Lle-AHam_016.clmp.fp2_r1_screen	1229564	117816.0	9.579999999999998	89.0	0.01	0.0	0.0	394.0	0.03	22416.0	1.82	83112.0	6.76	166899.0	13.57	59696.0	4.8500000000000005	117758.0	9.57	65598.0	5.33	83965.0	6.83	78940.0	6.41	1035169	84.19
Lle-AHam_016.clmp.fp2_r2_screen	1229564	119617.0	9.72	86.0	0.01	0.0	0.0	20.0	0.0	22235.0	1.81	82524.0	6.7299999999999995	170474.0	13.87	59675.0	4.85	119228.0	9.69	66089.0	5.37	84123.0	6.85	79445.0	6.47	1032096	83.94
Lle-AHam_017.clmp.fp2_r1_screen	5901442	655261.0	11.100000000000001	42.0	0.0	0.0	0.0	1063.0	0.02	182397.0	3.09	395404.0	6.7	910390.0	15.42	369601.0	6.260000000000001	681198.0	11.54	401051.0	6.79	495204.0	8.4	471358.0	7.99	4932425	83.58
Lle-AHam_017.clmp.fp2_r2_screen	5901442	662668.0	11.23	34.0	0.0	0.0	0.0	61.0	0.0	179710.0	3.04	394928.0	6.6899999999999995	923416.0	15.64	370060.0	6.2700000000000005	687881.0	11.66	404089.0	6.85	498179.0	8.45	475948.0	8.07	4918261	83.34
Lle-AHam_018.clmp.fp2_r1_screen	4829873	541516.0	11.22	16.0	0.0	0.0	0.0	881.0	0.02	160290.0	3.32	340839.0	7.06	735700.0	15.23	319906.0	6.619999999999999	561618.0	11.63	351268.0	7.2700000000000005	417566.0	8.65	403267.0	8.36	4048399	83.82
Lle-AHam_018.clmp.fp2_r2_screen	4829873	544954.0	11.28	12.0	0.0	0.0	0.0	71.0	0.0	157967.0	3.27	340303.0	7.04	743655.0	15.39	319203.0	6.61	564814.0	11.7	351659.0	7.279999999999999	418540.0	8.66	404523.0	8.379999999999999	4040188	83.65
Lle-AHam_019.clmp.fp2_r1_screen	4139541	542037.0	13.100000000000001	17.0	0.0	0.0	0.0	604.0	0.01	282606.0	6.819999999999999	394413.0	9.52	688982.0	16.64	383978.0	9.27	554140.0	13.389999999999999	402900.0	9.74	449189.0	10.860000000000001	438802.0	10.59	3410981	82.4
Lle-AHam_019.clmp.fp2_r2_screen	4139541	544256.0	13.15	12.0	0.0	0.0	0.0	56.0	0.0	279139.0	6.739999999999999	392673.0	9.49	692543.0	16.73	382735.0	9.24	555724.0	13.43	401869.0	9.700000000000001	449316.0	10.86	439364.0	10.61	3407256	82.31
Lle-AHam_020.clmp.fp2_r1_screen	2620045	238078.0	9.08	82.0	0.0	0.0	0.0	543.0	0.02	47918.0	1.83	132273.0	5.050000000000001	314110.0	11.99	112201.0	4.28	222081.0	8.47	124429.0	4.739999999999999	155674.0	5.95	147413.0	5.619999999999999	2251666	85.94
Lle-AHam_020.clmp.fp2_r2_screen	2620045	240372.0	9.18	78.0	0.0	0.0	0.0	15.0	0.0	47602.0	1.81	132939.0	5.08	318960.0	12.18	112482.0	4.29	224304.0	8.56	125282.0	4.78	157441.0	6.01	149185.0	5.6899999999999995	2247736	85.79
Lle-AHam_021.clmp.fp2_r1_screen	4048602	452872.0	11.19	18.0	0.0	0.0	0.0	441.0	0.01	195152.0	4.819999999999999	313468.0	7.74	602969.0	14.89	302340.0	7.46	472013.0	11.65	320888.0	7.920000000000001	366157.0	9.040000000000001	361066.0	8.92	3412971	84.3
Lle-AHam_021.clmp.fp2_r2_screen	4048602	454369.0	11.23	15.0	0.0	0.0	0.0	14.0	0.0	192873.0	4.76	312485.0	7.7299999999999995	606480.0	14.99	301547.0	7.44	472580.0	11.68	320468.0	7.91	366801.0	9.07	361927.0	8.95	3409732	84.22
Lle-AHam_022.clmp.fp2_r1_screen	3569270	344216.0	9.649999999999999	691.0	0.02	0.0	0.0	1198.0	0.03	79948.0	2.24	206596.0	5.79	447073.0	12.53	165962.0	4.6499999999999995	314576.0	8.8	180535.0	5.06	223708.0	6.2700000000000005	212239.0	5.95	3034593	85.02
Lle-AHam_022.clmp.fp2_r2_screen	3569270	347732.0	9.74	689.0	0.02	0.0	0.0	60.0	0.0	78922.0	2.21	206425.0	5.78	453242.0	12.71	165617.0	4.63	317624.0	8.89	182343.0	5.1	226730.0	6.35	214935.0	6.03	3028882	84.86
Lle-AHam_023.clmp.fp2_r1_screen	4254052	485291.0	11.41	35.0	0.0	0.0	0.0	1063.0	0.02	136522.0	3.21	298321.0	7.01	675371.0	15.87	279085.0	6.5600000000000005	509280.0	11.97	300509.0	7.06	368308.0	8.66	353448.0	8.31	3535968	83.12
Lle-AHam_023.clmp.fp2_r2_screen	4254052	489655.0	11.510000000000002	26.0	0.0	0.0	0.0	56.0	0.0	134730.0	3.17	297303.0	6.98	680790.0	16.0	278272.0	6.54	511513.0	12.03	300203.0	7.050000000000001	369618.0	8.69	353639.0	8.31	3530012	82.98
Lle-AHam_024.clmp.fp2_r1_screen	3618807	741425.0	20.490000000000002	24.0	0.0	0.0	0.0	1400.0	0.04	74607.0	2.06	205221.0	5.67	574942.0	15.889999999999999	185953.0	5.140000000000001	376273.0	10.39	202916.0	5.6000000000000005	268032.0	7.41	241242.0	6.67	2709762	74.88
Lle-AHam_024.clmp.fp2_r2_screen	3618807	738772.0	20.42	29.0	0.0	0.0	0.0	30.0	0.0	73146.0	2.02	203943.0	5.63	580037.0	16.03	184820.0	5.109999999999999	378239.0	10.45	204681.0	5.6499999999999995	269932.0	7.47	243555.0	6.7299999999999995	2709762	74.88
Lle-AHam_025.clmp.fp2_r1_screen	2414047	237295.0	9.82	21.0	0.0	0.0	0.0	418.0	0.02	49280.0	2.0399999999999996	137294.0	5.6899999999999995	338970.0	14.03	125395.0	5.1899999999999995	248477.0	10.290000000000001	135890.0	5.62	172716.0	7.16	164155.0	6.79	2050732	84.95
Lle-AHam_025.clmp.fp2_r2_screen	2414047	239535.0	9.92	21.0	0.0	0.0	0.0	22.0	0.0	48813.0	2.03	137827.0	5.710000000000001	343778.0	14.24	125863.0	5.21	251036.0	10.389999999999999	137037.0	5.67	174051.0	7.22	166151.0	6.88	2045904	84.75
Lle-AHam_026.clmp.fp2_r1_screen	2755936	194045.0	7.04	15.0	0.0	0.0	0.0	249.0	0.01	55537.0	2.01	114243.0	4.15	284295.0	10.32	107327.0	3.9000000000000004	204697.0	7.43	118311.0	4.29	144532.0	5.25	138352.0	5.010000000000001	2451680	88.96
Lle-AHam_026.clmp.fp2_r2_screen	2755936	195914.0	7.1	12.0	0.0	0.0	0.0	13.0	0.0	54844.0	1.99	114545.0	4.16	288206.0	10.469999999999999	107398.0	3.9	206810.0	7.5	118366.0	4.29	145711.0	5.29	139224.0	5.05	2447822	88.82
Lle-AHam_027.clmp.fp2_r1_screen	2868060	201516.0	7.03	20.0	0.0	0.0	0.0	449.0	0.01	59159.0	2.0599999999999996	120986.0	4.21	294958.0	10.29	112700.0	3.93	212016.0	7.39	123499.0	4.3	150841.0	5.25	143145.0	4.9799999999999995	2551712	88.97
Lle-AHam_027.clmp.fp2_r2_screen	2868060	204157.0	7.119999999999999	17.0	0.0	0.0	0.0	51.0	0.0	58139.0	2.0199999999999996	120808.0	4.22	299853.0	10.45	112454.0	3.93	214475.0	7.48	123974.0	4.32	151205.0	5.27	144913.0	5.05	2546837	88.8
Lle-AHam_028.clmp.fp2_r1_screen	1955287	145125.0	7.42	9.0	0.0	0.0	0.0	280.0	0.01	43910.0	2.2399999999999998	86337.0	4.42	210278.0	10.75	81494.0	4.16	152478.0	7.8	89187.0	4.56	108871.0	5.58	103879.0	5.3100000000000005	1731015	88.53
Lle-AHam_028.clmp.fp2_r2_screen	1955287	147697.0	7.56	11.0	0.0	0.0	0.0	14.0	0.0	43299.0	2.21	87147.0	4.46	214835.0	10.99	82302.0	4.21	154756.0	7.91	90621.0	4.63	110807.0	5.66	105627.0	5.3999999999999995	1725931	88.27
Lle-AHam_029.clmp.fp2_r1_screen	3564778	287978.0	8.09	59.0	0.0	0.0	0.0	696.0	0.02	62328.0	1.75	159506.0	4.47	416347.0	11.68	145123.0	4.0600000000000005	297422.0	8.34	158299.0	4.43	200773.0	5.640000000000001	191054.0	5.3500000000000005	3108842	87.21
Lle-AHam_029.clmp.fp2_r2_screen	3564778	292994.0	8.22	44.0	0.0	0.0	0.0	38.0	0.0	61445.0	1.72	160487.0	4.5	424811.0	11.92	146134.0	4.109999999999999	301460.0	8.46	160025.0	4.48	203852.0	5.72	194976.0	5.46	3100287	86.97
Lle-AHam_030.clmp.fp2_r1_screen	3888795	394558.0	10.15	31.0	0.0	0.0	0.0	676.0	0.02	84598.0	2.18	228209.0	5.86	558120.0	14.35	209298.0	5.38	412012.0	10.6	230934.0	5.93	289623.0	7.46	277312.0	7.13	3292253	84.66
Lle-AHam_030.clmp.fp2_r2_screen	3888795	397099.0	10.21	35.0	0.0	0.0	0.0	35.0	0.0	83556.0	2.15	228369.0	5.87	564031.0	14.5	208911.0	5.369999999999999	414459.0	10.66	231477.0	5.9399999999999995	289990.0	7.46	278475.0	7.16	3286031	84.5
Lle-AHam_031.clmp.fp2_r1_screen	5324030	596533.0	11.21	31.0	0.0	0.0	0.0	1123.0	0.02	112695.0	2.1199999999999997	338882.0	6.37	854084.0	16.05	312369.0	5.87	629240.0	11.82	346502.0	6.5	440757.0	8.29	423664.0	7.960000000000001	4415750	82.94
Lle-AHam_031.clmp.fp2_r2_screen	5324030	600226.0	11.27	25.0	0.0	0.0	0.0	30.0	0.0	110967.0	2.09	339188.0	6.37	864437.0	16.24	312044.0	5.87	633935.0	11.91	347518.0	6.529999999999999	442690.0	8.31	424678.0	7.99	4405102	82.74
Lle-AHam_032.clmp.fp2_r1_screen	4294300	407047.0	9.49	18.0	0.0	0.0	0.0	799.0	0.02	121792.0	2.84	250878.0	5.84	578420.0	13.48	236313.0	5.5	428671.0	9.98	254993.0	5.93	309950.0	7.2299999999999995	298920.0	6.95	3678497	85.66
Lle-AHam_032.clmp.fp2_r2_screen	4294300	408957.0	9.52	13.0	0.0	0.0	0.0	37.0	0.0	119883.0	2.79	249009.0	5.8	582743.0	13.58	234907.0	5.470000000000001	429429.0	10.0	254175.0	5.91	309419.0	7.21	299427.0	6.97	3674203	85.56
Lle-CNas_001.clmp.fp2_r1_screen	2309546	150626.0	6.5200000000000005	0.0	0.0	0.0	0.0	31.0	0.0	47727.0	2.07	94792.0	4.109999999999999	191340.0	8.290000000000001	96059.0	4.15	149156.0	6.46	97717.0	4.2299999999999995	116408.0	5.04	110358.0	4.779999999999999	2104920	91.14
Lle-CNas_001.clmp.fp2_r2_screen	2309546	152388.0	6.590000000000001	0.0	0.0	0.0	0.0	0.0	0.0	47691.0	2.07	95749.0	4.140000000000001	193990.0	8.39	96810.0	4.18	151267.0	6.5600000000000005	98682.0	4.27	117788.0	5.1000000000000005	112007.0	4.85	2102148	91.02
Lle-CNas_002.clmp.fp2_r1_screen	1761551	124797.0	7.08	0.0	0.0	0.0	0.0	33.0	0.0	42588.0	2.42	81120.0	4.6	157412.0	8.93	81779.0	4.63	124400.0	7.07	84121.0	4.779999999999999	98332.0	5.59	94676.0	5.37	1593851	90.48
Lle-CNas_002.clmp.fp2_r2_screen	1761551	125571.0	7.13	0.0	0.0	0.0	0.0	3.0	0.0	42301.0	2.4	81209.0	4.609999999999999	158601.0	9.01	81828.0	4.640000000000001	124815.0	7.09	84100.0	4.77	98556.0	5.6000000000000005	94670.0	5.37	1592794	90.42
Lle-CNas_003.clmp.fp2_r1_screen	2210996	138641.0	6.28	0.0	0.0	0.0	0.0	23.0	0.0	44981.0	2.04	87713.0	3.96	177660.0	8.04	88703.0	4.01	138134.0	6.25	90729.0	4.11	107367.0	4.86	102501.0	4.62	2021071	91.41
Lle-CNas_003.clmp.fp2_r2_screen	2210996	140360.0	6.35	0.0	0.0	0.0	0.0	3.0	0.0	44677.0	2.02	88409.0	3.99	180726.0	8.18	89429.0	4.04	139889.0	6.33	91594.0	4.14	108637.0	4.92	103948.0	4.699999999999999	2017976	91.27
Lle-CNas_004.clmp.fp2_r1_screen	2595841	169513.0	6.52	0.0	0.0	0.0	0.0	26.0	0.0	53172.0	2.05	106392.0	4.1	217671.0	8.399999999999999	107422.0	4.140000000000001	168947.0	6.51	110100.0	4.24	131489.0	5.07	125397.0	4.83	2362734	91.02
Lle-CNas_004.clmp.fp2_r2_screen	2595841	170832.0	6.57	0.0	0.0	0.0	0.0	3.0	0.0	53055.0	2.04	107403.0	4.14	219832.0	8.48	108324.0	4.18	170342.0	6.57	111012.0	4.28	132334.0	5.1000000000000005	126369.0	4.87	2360917	90.95
Lle-CNas_005.clmp.fp2_r1_screen	1407991	83036.0	5.89	1.0	0.0	0.0	0.0	11.0	0.0	27840.0	1.98	53053.0	3.76	105509.0	7.49	53481.0	3.79	82399.0	5.85	55189.0	3.92	64981.0	4.62	62250.0	4.42	1294647	91.95
Lle-CNas_005.clmp.fp2_r2_screen	1407991	83339.0	5.92	1.0	0.0	0.0	0.0	1.0	0.0	27401.0	1.94	52946.0	3.76	106542.0	7.57	53497.0	3.79	82794.0	5.890000000000001	54942.0	3.9	65010.0	4.62	62111.0	4.409999999999999	1293802	91.89
Lle-CNas_006.clmp.fp2_r1_screen	5348664	398659.0	7.449999999999999	2.0	0.0	0.0	0.0	109.0	0.0	144634.0	2.7	262776.0	4.91	495945.0	9.27	266738.0	4.98	396004.0	7.4	269734.0	5.04	315285.0	5.8999999999999995	300471.0	5.62	4821820	90.15
Lle-CNas_006.clmp.fp2_r2_screen	5348664	400577.0	7.4799999999999995	1.0	0.0	0.0	0.0	3.0	0.0	142962.0	2.67	263427.0	4.93	502183.0	9.39	267607.0	5.0	398909.0	7.46	270470.0	5.06	316756.0	5.92	302642.0	5.6499999999999995	4815937	90.04
Lle-CNas_007.clmp.fp2_r1_screen	1902158	113245.0	5.95	0.0	0.0	0.0	0.0	39.0	0.0	37671.0	1.98	72305.0	3.8	145212.0	7.640000000000001	72733.0	3.8200000000000003	113443.0	5.96	75276.0	3.96	88755.0	4.67	85146.0	4.48	1746941	91.84
Lle-CNas_007.clmp.fp2_r2_screen	1902158	114766.0	6.04	0.0	0.0	0.0	0.0	0.0	0.0	37585.0	1.97	72966.0	3.83	147127.0	7.74	73346.0	3.85	114748.0	6.03	75917.0	3.99	89644.0	4.720000000000001	85742.0	4.5	1744849	91.73
Lle-CNas_008.clmp.fp2_r1_screen	2156169	143469.0	6.6499999999999995	1.0	0.0	0.0	0.0	41.0	0.0	46864.0	2.17	91916.0	4.27	182549.0	8.459999999999999	93304.0	4.33	142699.0	6.619999999999999	94646.0	4.39	112128.0	5.2	106721.0	4.949999999999999	1961035	90.95
Lle-CNas_008.clmp.fp2_r2_screen	2156169	144946.0	6.72	0.0	0.0	0.0	0.0	0.0	0.0	46826.0	2.17	92405.0	4.29	184554.0	8.559999999999999	93613.0	4.340000000000001	144108.0	6.69	94996.0	4.4	112871.0	5.23	107696.0	4.99	1959095	90.86
Lle-CNas_009.clmp.fp2_r1_screen	2563645	159480.0	6.22	1.0	0.0	0.0	0.0	62.0	0.0	55203.0	2.16	102860.0	4.01	200281.0	7.8100000000000005	104507.0	4.07	158170.0	6.16	106315.0	4.14	125209.0	4.890000000000001	119172.0	4.65	2349837	91.66
Lle-CNas_009.clmp.fp2_r2_screen	2563645	161437.0	6.3100000000000005	1.0	0.0	0.0	0.0	3.0	0.0	54708.0	2.13	103587.0	4.04	203684.0	7.949999999999999	104950.0	4.09	160276.0	6.24	106701.0	4.16	126063.0	4.92	120366.0	4.69	2346247	91.52
Lle-CNas_010.clmp.fp2_r1_screen	1882998	128611.0	6.82	2.0	0.0	0.0	0.0	40.0	0.0	42221.0	2.24	82103.0	4.37	162217.0	8.62	83340.0	4.44	127377.0	6.77	84578.0	4.49	100236.0	5.32	95394.0	5.07	1709573	90.79
Lle-CNas_010.clmp.fp2_r2_screen	1882998	129707.0	6.88	2.0	0.0	0.0	0.0	2.0	0.0	41954.0	2.23	82844.0	4.4	164067.0	8.71	83723.0	4.43	128512.0	6.83	85165.0	4.5200000000000005	100531.0	5.34	96131.0	5.11	1707879	90.7
Lle-CNas_011.clmp.fp2_r1_screen	1783666	125502.0	7.04	1.0	0.0	0.0	0.0	18.0	0.0	42818.0	2.4	80703.0	4.5200000000000005	157987.0	8.85	81790.0	4.58	125106.0	7.01	84152.0	4.71	98871.0	5.54	94673.0	5.31	1615466	90.57
Lle-CNas_011.clmp.fp2_r2_screen	1783666	125491.0	7.04	1.0	0.0	0.0	0.0	1.0	0.0	42519.0	2.38	81382.0	4.56	158797.0	8.9	81907.0	4.58	125520.0	7.03	84378.0	4.7299999999999995	98858.0	5.55	94932.0	5.3100000000000005	1614574	90.52
Lle-CNas_012.clmp.fp2_r1_screen	2994830	198594.0	6.63	0.0	0.0	0.0	0.0	64.0	0.0	65421.0	2.18	127576.0	4.25	248914.0	8.3	128623.0	4.29	197909.0	6.61	132809.0	4.44	155996.0	5.210000000000001	149045.0	4.98	2728889	91.12
Lle-CNas_012.clmp.fp2_r2_screen	2994830	199270.0	6.64	0.0	0.0	0.0	0.0	0.0	0.0	64698.0	2.16	127484.0	4.25	250610.0	8.370000000000001	128533.0	4.28	198614.0	6.63	132730.0	4.43	156278.0	5.220000000000001	149079.0	4.97	2727391	91.07
Lle-CNas_013.clmp.fp2_r1_screen	1742690	103870.0	5.95	0.0	0.0	0.0	0.0	13.0	0.0	34367.0	1.97	65581.0	3.76	133436.0	7.66	66246.0	3.8	103860.0	5.960000000000001	68625.0	3.94	81093.0	4.66	77411.0	4.43	1600137	91.82
Lle-CNas_013.clmp.fp2_r2_screen	1742690	104596.0	6.0	1.0	0.0	0.0	0.0	0.0	0.0	34161.0	1.96	65925.0	3.77	134544.0	7.720000000000001	66634.0	3.8200000000000003	104493.0	5.99	68857.0	3.9499999999999997	81684.0	4.69	77803.0	4.46	1598743	91.74
Lle-CNas_014.clmp.fp2_r1_screen	3032027	182404.0	6.0200000000000005	2.0	0.0	0.0	0.0	43.0	0.0	60831.0	2.01	115770.0	3.8099999999999996	233693.0	7.699999999999999	116538.0	3.84	182736.0	6.03	121477.0	4.0	142968.0	4.720000000000001	137199.0	4.510000000000001	2781884	91.75
Lle-CNas_014.clmp.fp2_r2_screen	3032027	184502.0	6.08	2.0	0.0	0.0	0.0	3.0	0.0	60625.0	2.0	117224.0	3.8600000000000003	237351.0	7.84	117914.0	3.88	185124.0	6.109999999999999	122655.0	4.04	144522.0	4.78	139100.0	4.58	2778246	91.63
Lle-CNas_015.clmp.fp2_r1_screen	2070867	132633.0	6.409999999999999	0.0	0.0	0.0	0.0	24.0	0.0	42611.0	2.06	82739.0	3.99	170903.0	8.25	84461.0	4.08	131604.0	6.3500000000000005	85848.0	4.14	102260.0	4.9399999999999995	97397.0	4.6899999999999995	1888423	91.19
Lle-CNas_015.clmp.fp2_r2_screen	2070867	133760.0	6.46	1.0	0.0	0.0	0.0	0.0	0.0	42277.0	2.04	83420.0	4.02	172724.0	8.34	84998.0	4.1000000000000005	133073.0	6.43	86390.0	4.17	103013.0	4.98	98095.0	4.74	1886352	91.09
Lle-CNas_016.clmp.fp2_r1_screen	2870995	203086.0	7.08	3.0	0.0	0.0	0.0	68.0	0.0	73343.0	2.55	133457.0	4.65	254452.0	8.86	135015.0	4.7	201852.0	7.029999999999999	136863.0	4.760000000000001	160343.0	5.59	153815.0	5.35	2599685	90.55
Lle-CNas_016.clmp.fp2_r2_screen	2870995	203887.0	7.1000000000000005	2.0	0.0	0.0	0.0	1.0	0.0	72364.0	2.52	133420.0	4.65	255948.0	8.91	135119.0	4.71	202627.0	7.0600000000000005	137175.0	4.78	160403.0	5.6000000000000005	153815.0	5.35	2598537	90.51
Lle-CNas_017.clmp.fp2_r1_screen	5218624	435537.0	8.35	3.0	0.0	0.0	0.0	130.0	0.0	167791.0	3.21	291124.0	5.569999999999999	539485.0	10.34	297332.0	5.7	433251.0	8.31	299926.0	5.75	348042.0	6.67	333724.0	6.39	4649272	89.09
Lle-CNas_017.clmp.fp2_r2_screen	5218624	438618.0	8.4	0.0	0.0	0.0	0.0	5.0	0.0	165763.0	3.17	291743.0	5.59	545407.0	10.45	297768.0	5.72	436815.0	8.370000000000001	300527.0	5.75	349983.0	6.709999999999999	335380.0	6.43	4643009	88.97
Lle-CNas_018.clmp.fp2_r1_screen	2293574	163674.0	7.13	0.0	0.0	0.0	0.0	40.0	0.0	54774.0	2.39	105252.0	4.59	206509.0	9.01	106740.0	4.66	162452.0	7.08	108120.0	4.71	128088.0	5.590000000000001	121766.0	5.3	2073390	90.4
Lle-CNas_018.clmp.fp2_r2_screen	2293574	164762.0	7.18	1.0	0.0	0.0	0.0	2.0	0.0	54895.0	2.39	105591.0	4.6	208720.0	9.09	107153.0	4.66	163949.0	7.1499999999999995	108596.0	4.7299999999999995	128637.0	5.609999999999999	122661.0	5.34	2071326	90.31
Lle-CNas_019.clmp.fp2_r1_screen	1604061	103699.0	6.47	2.0	0.0	0.0	0.0	24.0	0.0	35531.0	2.22	67003.0	4.18	130644.0	8.14	67620.0	4.21	102372.0	6.37	68533.0	4.27	80932.0	5.05	77214.0	4.819999999999999	1464186	91.28
Lle-CNas_019.clmp.fp2_r2_screen	1604061	104698.0	6.52	3.0	0.0	0.0	0.0	0.0	0.0	35141.0	2.19	67185.0	4.19	132346.0	8.26	67798.0	4.22	103485.0	6.46	68816.0	4.29	81493.0	5.08	77545.0	4.82	1462422	91.17
Lle-CNas_020.clmp.fp2_r1_screen	2249745	154617.0	6.88	2.0	0.0	0.0	0.0	24.0	0.0	53668.0	2.39	99554.0	4.42	195699.0	8.69	100334.0	4.46	154530.0	6.88	103334.0	4.59	121288.0	5.4	116611.0	5.180000000000001	2041418	90.74
Lle-CNas_020.clmp.fp2_r2_screen	2249745	156005.0	6.94	2.0	0.0	0.0	0.0	0.0	0.0	53553.0	2.38	100380.0	4.47	198339.0	8.82	100830.0	4.49	155914.0	6.9399999999999995	104195.0	4.63	122494.0	5.44	117422.0	5.22	2038943	90.63
Lle-CNas_021.clmp.fp2_r1_screen	4024126	263879.0	6.56	0.0	0.0	0.0	0.0	98.0	0.0	82195.0	2.05	168105.0	4.18	332622.0	8.26	172214.0	4.27	258227.0	6.42	168224.0	4.18	202675.0	5.039999999999999	190799.0	4.74	3669198	91.18
Lle-CNas_021.clmp.fp2_r2_screen	4024126	267565.0	6.65	0.0	0.0	0.0	0.0	5.0	0.0	81874.0	2.03	169690.0	4.23	338829.0	8.42	173746.0	4.32	262183.0	6.51	169706.0	4.22	204812.0	5.09	193546.0	4.8100000000000005	3663161	91.03
Lle-CNas_022.clmp.fp2_r1_screen	2217060	140162.0	6.32	0.0	0.0	0.0	0.0	51.0	0.0	43906.0	1.98	88658.0	3.9899999999999998	178822.0	8.06	89750.0	4.05	138743.0	6.27	90774.0	4.09	108387.0	4.9	102814.0	4.63	2025506	91.36
Lle-CNas_022.clmp.fp2_r2_screen	2217060	141261.0	6.37	3.0	0.0	0.0	0.0	5.0	0.0	43835.0	1.98	89461.0	4.02	180951.0	8.15	90352.0	4.07	140137.0	6.33	91415.0	4.12	108916.0	4.909999999999999	103421.0	4.66	2023288	91.26
Lle-CNas_023.clmp.fp2_r1_screen	3517738	226987.0	6.45	6.0	0.0	0.0	0.0	94.0	0.0	74971.0	2.13	144792.0	4.12	286378.0	8.13	146761.0	4.16	225017.0	6.4	149014.0	4.24	176478.0	5.02	168072.0	4.7700000000000005	3210991	91.28
Lle-CNas_023.clmp.fp2_r2_screen	3517738	227439.0	6.46	6.0	0.0	0.0	0.0	3.0	0.0	74301.0	2.11	145435.0	4.14	289692.0	8.23	146660.0	4.16	226682.0	6.4399999999999995	149430.0	4.25	176728.0	5.02	168545.0	4.78	3208177	91.2
Lle-CNas_024.clmp.fp2_r1_screen	1957688	118148.0	6.04	0.0	0.0	0.0	0.0	18.0	0.0	37878.0	1.93	73519.0	3.75	152317.0	7.77	74530.0	3.8000000000000003	117532.0	6.01	76489.0	3.91	91100.0	4.66	86976.0	4.4399999999999995	1794025	91.64
Lle-CNas_024.clmp.fp2_r2_screen	1957688	118344.0	6.05	1.0	0.0	0.0	0.0	1.0	0.0	37278.0	1.9	73454.0	3.75	153680.0	7.8500000000000005	74313.0	3.79	117957.0	6.029999999999999	76270.0	3.89	90950.0	4.65	86972.0	4.4399999999999995	1793046	91.59
Lle-CNas_025.clmp.fp2_r1_screen	2379356	156834.0	6.590000000000001	3.0	0.0	0.0	0.0	25.0	0.0	49796.0	2.09	99080.0	4.16	199092.0	8.37	100357.0	4.21	155916.0	6.5600000000000005	102696.0	4.32	121960.0	5.13	115690.0	4.87	2166403	91.05
Lle-CNas_025.clmp.fp2_r2_screen	2379356	157517.0	6.62	3.0	0.0	0.0	0.0	2.0	0.0	49964.0	2.1	99642.0	4.18	200639.0	8.44	100931.0	4.2299999999999995	156842.0	6.6000000000000005	103423.0	4.34	122249.0	5.1499999999999995	116462.0	4.88	2165213	91.0
Lle-CNas_026.clmp.fp2_r1_screen	864387	65433.0	7.569999999999999	1.0	0.0	0.0	0.0	15.0	0.0	23174.0	2.68	43567.0	5.04	81311.0	9.41	43507.0	5.03	65645.0	7.6	45186.0	5.2299999999999995	52614.0	6.09	50118.0	5.79	778294	90.04
Lle-CNas_026.clmp.fp2_r2_screen	864387	65639.0	7.58	1.0	0.0	0.0	0.0	1.0	0.0	22855.0	2.65	43470.0	5.03	81998.0	9.49	43504.0	5.03	65899.0	7.63	45044.0	5.21	52488.0	6.08	50062.0	5.79	777688	89.97
Lle-CNas_027.clmp.fp2_r1_screen	1910858	128335.0	6.72	1.0	0.0	0.0	0.0	37.0	0.0	41395.0	2.17	81979.0	4.3	161191.0	8.44	83366.0	4.38	126921.0	6.64	84169.0	4.4	99992.0	5.24	95149.0	4.98	1738307	90.97
Lle-CNas_027.clmp.fp2_r2_screen	1910858	128319.0	6.72	0.0	0.0	0.0	0.0	1.0	0.0	41152.0	2.15	81812.0	4.29	162073.0	8.48	83028.0	4.34	126701.0	6.64	84140.0	4.3999999999999995	99554.0	5.21	95152.0	4.97	1737734	90.94
Lle-CNas_028.clmp.fp2_r1_screen	2321151	154399.0	6.6499999999999995	3.0	0.0	0.0	0.0	30.0	0.0	50100.0	2.15	96996.0	4.18	196808.0	8.48	98209.0	4.2299999999999995	153667.0	6.62	101709.0	4.38	120117.0	5.18	114847.0	4.95	2110158	90.91
Lle-CNas_028.clmp.fp2_r2_screen	2321151	154939.0	6.68	0.0	0.0	0.0	0.0	1.0	0.0	50016.0	2.15	97565.0	4.21	198009.0	8.52	98648.0	4.25	154382.0	6.65	102173.0	4.3999999999999995	120767.0	5.2	115599.0	4.970000000000001	2108765	90.85
Lle-CNas_029.clmp.fp2_r1_screen	1420134	93788.0	6.6000000000000005	1.0	0.0	0.0	0.0	30.0	0.0	28942.0	2.04	58814.0	4.14	119574.0	8.42	59868.0	4.21	92639.0	6.53	60100.0	4.2299999999999995	72254.0	5.1	68186.0	4.79	1291753	90.96
Lle-CNas_029.clmp.fp2_r2_screen	1420134	94229.0	6.63	0.0	0.0	0.0	0.0	1.0	0.0	29101.0	2.05	59566.0	4.1899999999999995	120629.0	8.5	60224.0	4.23	93282.0	6.58	60304.0	4.24	72491.0	5.11	68505.0	4.82	1290617	90.88
Lle-CNas_030.clmp.fp2_r1_screen	2667387	168413.0	6.3100000000000005	1.0	0.0	0.0	0.0	62.0	0.0	57036.0	2.14	107996.0	4.05	214581.0	8.05	108080.0	4.05	168335.0	6.32	111991.0	4.1899999999999995	131989.0	4.96	126286.0	4.72	2438258	91.41
Lle-CNas_030.clmp.fp2_r2_screen	2667387	169628.0	6.36	4.0	0.0	0.0	0.0	2.0	0.0	56618.0	2.12	108591.0	4.07	216947.0	8.129999999999999	108831.0	4.07	170192.0	6.38	112677.0	4.22	132877.0	4.99	127544.0	4.78	2435591	91.31
Lle-CNas_031.clmp.fp2_r1_screen	989137	69347.0	7.0	1.0	0.0	0.0	0.0	18.0	0.0	24150.0	2.44	44893.0	4.54	87412.0	8.83	45399.0	4.59	68474.0	6.93	45857.0	4.64	54127.0	5.47	51768.0	5.23	895564	90.54
Lle-CNas_031.clmp.fp2_r2_screen	989137	69085.0	6.9799999999999995	2.0	0.0	0.0	0.0	0.0	0.0	23996.0	2.42	44946.0	4.55	87892.0	8.88	45465.0	4.6	68498.0	6.93	45850.0	4.63	54154.0	5.4799999999999995	51636.0	5.23	895267	90.51
Lle-CNas_032.clmp.fp2_r1_screen	1976926	116958.0	5.92	1.0	0.0	0.0	0.0	39.0	0.0	35941.0	1.82	72686.0	3.67	152700.0	7.7299999999999995	72846.0	3.6700000000000004	116911.0	5.92	75222.0	3.81	90080.0	4.5600000000000005	85806.0	4.34	1812841	91.7
Lle-CNas_032.clmp.fp2_r2_screen	1976926	117736.0	5.96	0.0	0.0	0.0	0.0	3.0	0.0	35696.0	1.81	73121.0	3.6999999999999997	153856.0	7.78	73086.0	3.69	117910.0	5.97	75593.0	3.82	90508.0	4.58	86431.0	4.359999999999999	1811654	91.64
Lle-CNas_033.clmp.fp2_r1_screen	6002705	421034.0	7.010000000000001	0.0	0.0	0.0	0.0	103.0	0.0	145087.0	2.42	274779.0	4.57	524777.0	8.74	279544.0	4.66	417511.0	6.96	282297.0	4.71	332144.0	5.54	315557.0	5.25	5445053	90.71
Lle-CNas_033.clmp.fp2_r2_screen	6002705	425137.0	7.07	0.0	0.0	0.0	0.0	8.0	0.0	143855.0	2.4	276505.0	4.6000000000000005	533113.0	8.879999999999999	280845.0	4.68	421865.0	7.029999999999999	283810.0	4.73	334234.0	5.58	318570.0	5.300000000000001	5437250	90.58
Lle-CNas_034.clmp.fp2_r1_screen	1871426	117770.0	6.29	0.0	0.0	0.0	0.0	25.0	0.0	38483.0	2.06	74333.0	3.96	149427.0	7.9799999999999995	75849.0	4.05	116513.0	6.2299999999999995	77275.0	4.13	91457.0	4.89	87198.0	4.65	1711231	91.44
Lle-CNas_034.clmp.fp2_r2_screen	1871426	119531.0	6.38	1.0	0.0	0.0	0.0	1.0	0.0	38594.0	2.06	75159.0	4.01	152545.0	8.15	76665.0	4.09	118272.0	6.33	78184.0	4.18	92484.0	4.94	88468.0	4.7299999999999995	1708237	91.28
Lle-CNas_035.clmp.fp2_r1_screen	3340127	228563.0	6.84	0.0	0.0	0.0	0.0	33.0	0.0	72339.0	2.16	145582.0	4.36	287074.0	8.6	147273.0	4.41	226147.0	6.78	149845.0	4.49	178060.0	5.34	169411.0	5.07	3033169	90.81
Lle-CNas_035.clmp.fp2_r2_screen	3340127	229463.0	6.87	2.0	0.0	0.0	0.0	0.0	0.0	71289.0	2.13	145046.0	4.34	289937.0	8.69	146682.0	4.390000000000001	227292.0	6.800000000000001	149663.0	4.4799999999999995	177927.0	5.33	169658.0	5.08	3030497	90.73
Lle-CNas_036.clmp.fp2_r1_screen	2417540	147332.0	6.1000000000000005	0.0	0.0	0.0	0.0	21.0	0.0	49505.0	2.05	93258.0	3.8499999999999996	188856.0	7.82	94257.0	3.89	147003.0	6.08	97362.0	4.0200000000000005	114956.0	4.76	110196.0	4.55	2215675	91.65
Lle-CNas_036.clmp.fp2_r2_screen	2417540	149313.0	6.17	0.0	0.0	0.0	0.0	1.0	0.0	49262.0	2.04	94028.0	3.88	191859.0	7.93	94889.0	3.91	149102.0	6.17	98024.0	4.05	116152.0	4.8100000000000005	111513.0	4.609999999999999	2212774	91.53
Lle-CNas_037.clmp.fp2_r1_screen	2803480	187117.0	6.67	0.0	0.0	0.0	0.0	63.0	0.0	64375.0	2.3	122446.0	4.359999999999999	234697.0	8.370000000000001	123563.0	4.3999999999999995	187029.0	6.680000000000001	126422.0	4.510000000000001	148496.0	5.31	141733.0	5.05	2553689	91.09
Lle-CNas_037.clmp.fp2_r2_screen	2803480	190656.0	6.800000000000001	0.0	0.0	0.0	0.0	6.0	0.0	64060.0	2.28	124220.0	4.43	239748.0	8.55	125181.0	4.460000000000001	190414.0	6.8	128285.0	4.57	150442.0	5.38	143971.0	5.13	2548924	90.92
Lle-CNas_038.clmp.fp2_r1_screen	3858479	283193.0	7.33	3.0	0.0	0.0	0.0	77.0	0.0	101965.0	2.64	186707.0	4.84	351505.0	9.120000000000001	188707.0	4.890000000000001	282555.0	7.33	193314.0	5.01	226405.0	5.869999999999999	216048.0	5.6000000000000005	3484592	90.31
Lle-CNas_038.clmp.fp2_r2_screen	3858479	284898.0	7.369999999999999	2.0	0.0	0.0	0.0	4.0	0.0	100663.0	2.61	187313.0	4.85	355609.0	9.219999999999999	189290.0	4.91	284999.0	7.39	194086.0	5.029999999999999	226741.0	5.88	217064.0	5.63	3480733	90.21
Lle-CNas_039.clmp.fp2_r1_screen	2201526	159772.0	7.260000000000001	0.0	0.0	0.0	0.0	39.0	0.0	51866.0	2.35	102229.0	4.640000000000001	201077.0	9.129999999999999	103578.0	4.7	157559.0	7.1499999999999995	103742.0	4.71	123859.0	5.63	117749.0	5.34	1986877	90.25
Lle-CNas_039.clmp.fp2_r2_screen	2201526	160731.0	7.3	0.0	0.0	0.0	0.0	0.0	0.0	51792.0	2.35	102143.0	4.64	202398.0	9.2	104061.0	4.73	158179.0	7.19	104169.0	4.7299999999999995	124404.0	5.659999999999999	118360.0	5.38	1985996	90.21
Lle-CNas_040.clmp.fp2_r1_screen	3092309	222830.0	7.21	3.0	0.0	0.0	0.0	81.0	0.0	85358.0	2.7600000000000002	148192.0	4.779999999999999	277386.0	8.97	150242.0	4.85	222495.0	7.2	154189.0	4.99	178617.0	5.78	171577.0	5.54	2797611	90.47
Lle-CNas_040.clmp.fp2_r2_screen	3092309	223955.0	7.24	2.0	0.0	0.0	0.0	3.0	0.0	84272.0	2.72	148253.0	4.789999999999999	279844.0	9.05	149987.0	4.8500000000000005	223935.0	7.24	153830.0	4.97	178547.0	5.78	172074.0	5.56	2795447	90.4
Lle-CNas_041.clmp.fp2_r1_screen	3098097	246880.0	7.96	3.0	0.0	0.0	0.0	78.0	0.0	88297.0	2.85	162331.0	5.239999999999999	303768.0	9.8	164502.0	5.32	243802.0	7.87	165956.0	5.36	194685.0	6.289999999999999	184954.0	5.97	2774655	89.56
Lle-CNas_041.clmp.fp2_r2_screen	3098097	247999.0	7.99	0.0	0.0	0.0	0.0	1.0	0.0	87232.0	2.81	162847.0	5.25	306573.0	9.899999999999999	164608.0	5.32	244763.0	7.9	165858.0	5.3500000000000005	195066.0	6.3	184992.0	5.97	2771867	89.47
Lle-CNas_042.clmp.fp2_r1_screen	4550419	357308.0	7.8500000000000005	3.0	0.0	0.0	0.0	72.0	0.0	137319.0	3.02	238108.0	5.24	441876.0	9.71	240664.0	5.3	358052.0	7.87	247575.0	5.44	286882.0	6.31	276375.0	6.07	4081725	89.7
Lle-CNas_042.clmp.fp2_r2_screen	4550419	360612.0	7.92	1.0	0.0	0.0	0.0	6.0	0.0	135284.0	2.97	239146.0	5.25	448347.0	9.85	241277.0	5.31	361822.0	7.949999999999999	248391.0	5.45	288397.0	6.35	278378.0	6.109999999999999	4075355	89.56
Lle-CNas_043.clmp.fp2_r1_screen	664903	39616.0	5.949999999999999	1.0	0.0	0.0	0.0	9.0	0.0	11560.0	1.74	24745.0	3.72	52035.0	7.82	24680.0	3.71	39504.0	5.95	24887.0	3.74	30068.0	4.53	28724.0	4.32	608984	91.59
Lle-CNas_043.clmp.fp2_r2_screen	664903	39946.0	6.01	1.0	0.0	0.0	0.0	0.0	0.0	11455.0	1.72	24734.0	3.72	52481.0	7.9	24726.0	3.7100000000000004	39743.0	5.9799999999999995	24870.0	3.73	30188.0	4.55	28621.0	4.3	608652	91.54
Lle-CNas_044.clmp.fp2_r1_screen	2383146	170562.0	7.1499999999999995	0.0	0.0	0.0	0.0	56.0	0.0	61864.0	2.59	111195.0	4.67	214505.0	9.0	112579.0	4.71	170862.0	7.17	115176.0	4.83	134891.0	5.66	130052.0	5.46	2154602	90.41
Lle-CNas_044.clmp.fp2_r2_screen	2383146	171646.0	7.2	0.0	0.0	0.0	0.0	1.0	0.0	61278.0	2.57	111544.0	4.6899999999999995	216684.0	9.09	112871.0	4.73	171838.0	7.21	115524.0	4.85	135325.0	5.68	130494.0	5.4799999999999995	2152695	90.33
Lle-CNas_045.clmp.fp2_r1_screen	4073240	282400.0	6.92	3.0	0.0	0.0	0.0	94.0	0.0	87333.0	2.14	179145.0	4.4	352580.0	8.65	182998.0	4.5	277880.0	6.83	182387.0	4.4799999999999995	216991.0	5.33	206017.0	5.05	3695650	90.73
Lle-CNas_045.clmp.fp2_r2_screen	4073240	284669.0	6.9799999999999995	4.0	0.0	0.0	0.0	4.0	0.0	86834.0	2.13	180398.0	4.43	357310.0	8.77	183752.0	4.52	280399.0	6.88	183151.0	4.5	218512.0	5.36	207840.0	5.11	3690762	90.61
Lle-CNas_046.clmp.fp2_r1_screen	2132295	138304.0	6.49	0.0	0.0	0.0	0.0	21.0	0.0	44666.0	2.09	87408.0	4.11	175227.0	8.23	88662.0	4.15	137038.0	6.43	91052.0	4.27	107584.0	5.05	103007.0	4.83	1944439	91.19
Lle-CNas_046.clmp.fp2_r2_screen	2132295	139261.0	6.5200000000000005	0.0	0.0	0.0	0.0	2.0	0.0	44986.0	2.11	88211.0	4.12	177828.0	8.33	89234.0	4.19	138031.0	6.4799999999999995	91274.0	4.28	107918.0	5.069999999999999	103509.0	4.86	1942307	91.09
Lle-CNas_047.clmp.fp2_r1_screen	1722759	121511.0	7.04	1.0	0.0	0.0	0.0	27.0	0.0	41391.0	2.4	78341.0	4.55	153688.0	8.92	79090.0	4.58	121238.0	7.04	81531.0	4.7299999999999995	95750.0	5.56	91699.0	5.32	1558407	90.46
Lle-CNas_047.clmp.fp2_r2_screen	1722759	122762.0	7.13	0.0	0.0	0.0	0.0	2.0	0.0	41067.0	2.38	79095.0	4.58	156216.0	9.06	79669.0	4.63	122738.0	7.13	82036.0	4.760000000000001	96487.0	5.61	92413.0	5.36	1555995	90.32
Lle-CNas_048.clmp.fp2_r1_screen	2203427	133979.0	6.08	3.0	0.0	0.0	0.0	20.0	0.0	42870.0	1.95	83878.0	3.81	172394.0	7.82	84291.0	3.8200000000000003	133092.0	6.05	87228.0	3.96	103539.0	4.710000000000001	99026.0	4.5	2018118	91.59
Lle-CNas_048.clmp.fp2_r2_screen	2203427	135366.0	6.13	4.0	0.0	0.0	0.0	1.0	0.0	42569.0	1.93	84001.0	3.82	175080.0	7.95	84443.0	3.83	134784.0	6.119999999999999	87445.0	3.97	104274.0	4.74	99843.0	4.53	2015695	91.48
Lle-CNas_049.clmp.fp2_r1_screen	1546093	91194.0	5.89	3.0	0.0	0.0	0.0	31.0	0.0	29448.0	1.9	57332.0	3.7	117702.0	7.6	57830.0	3.74	90839.0	5.88	59579.0	3.86	70826.0	4.59	67916.0	4.39	1419931	91.84
Lle-CNas_049.clmp.fp2_r2_screen	1546093	91420.0	5.91	2.0	0.0	0.0	0.0	0.0	0.0	29075.0	1.8800000000000001	57348.0	3.71	118596.0	7.67	57719.0	3.7199999999999998	91648.0	5.92	59518.0	3.8499999999999996	70710.0	4.58	67741.0	4.38	1418849	91.77
Lle-CNas_050.clmp.fp2_r1_screen	2203717	154274.0	7.0	1.0	0.0	0.0	0.0	40.0	0.0	52452.0	2.38	98072.0	4.46	195932.0	8.899999999999999	99295.0	4.5	154120.0	6.99	102708.0	4.659999999999999	120890.0	5.49	116296.0	5.29	1994363	90.5
Lle-CNas_050.clmp.fp2_r2_screen	2203717	155090.0	7.03	1.0	0.0	0.0	0.0	1.0	0.0	52195.0	2.37	98618.0	4.47	198003.0	8.99	99744.0	4.51	155154.0	7.050000000000001	103166.0	4.680000000000001	121945.0	5.53	117155.0	5.319999999999999	1992600	90.42
Lle-CNas_051.clmp.fp2_r1_screen	1890569	116604.0	6.17	0.0	0.0	0.0	0.0	16.0	0.0	37572.0	1.99	72900.0	3.8499999999999996	148313.0	7.84	74487.0	3.9400000000000004	115511.0	6.12	75549.0	3.9899999999999998	90182.0	4.78	86058.0	4.55	1731194	91.57
Lle-CNas_051.clmp.fp2_r2_screen	1890569	117880.0	6.2299999999999995	1.0	0.0	0.0	0.0	0.0	0.0	37444.0	1.98	73335.0	3.87	151166.0	7.99	74737.0	3.96	117011.0	6.1899999999999995	76265.0	4.04	90702.0	4.81	86822.0	4.59	1728547	91.43
Lle-CNas_052.clmp.fp2_r1_screen	1021460	73040.0	7.15	0.0	0.0	0.0	0.0	21.0	0.0	25250.0	2.47	47931.0	4.699999999999999	91057.0	8.92	48764.0	4.789999999999999	72518.0	7.1	49058.0	4.8	57592.0	5.6499999999999995	55020.0	5.38	924523	90.51
Lle-CNas_052.clmp.fp2_r2_screen	1021460	73804.0	7.22	0.0	0.0	0.0	0.0	1.0	0.0	24986.0	2.44	48053.0	4.699999999999999	92433.0	9.05	48933.0	4.8	73272.0	7.18	49531.0	4.84	58152.0	5.6899999999999995	55680.0	5.45	923399	90.4
Lle-CNas_053.clmp.fp2_r1_screen	2294502	140901.0	6.14	1.0	0.0	0.0	0.0	28.0	0.0	46191.0	2.01	88925.0	3.87	180276.0	7.859999999999999	89577.0	3.9000000000000004	140727.0	6.130000000000001	92762.0	4.04	109995.0	4.8	105407.0	4.59	2101763	91.6
Lle-CNas_053.clmp.fp2_r2_screen	2294502	141984.0	6.19	0.0	0.0	0.0	0.0	1.0	0.0	45984.0	2.01	89255.0	3.89	182807.0	7.96	89821.0	3.93	142437.0	6.22	93202.0	4.06	110573.0	4.82	105839.0	4.6	2099469	91.5
Lle-CNas_054.clmp.fp2_r1_screen	3382636	292672.0	8.65	3.0	0.0	0.0	0.0	125.0	0.0	113021.0	3.3499999999999996	197361.0	5.84	358540.0	10.600000000000001	200910.0	5.95	291770.0	8.62	203088.0	6.0	234781.0	6.9399999999999995	226370.0	6.69	3002765	88.77
Lle-CNas_054.clmp.fp2_r2_screen	3382636	293700.0	8.68	5.0	0.0	0.0	0.0	6.0	0.0	111576.0	3.29	197421.0	5.83	362067.0	10.709999999999999	200985.0	5.9399999999999995	293149.0	8.67	203304.0	6.010000000000001	235111.0	6.949999999999999	226483.0	6.69	2999721	88.68
Lle-CNas_055.clmp.fp2_r1_screen	1941176	128826.0	6.63	3.0	0.0	0.0	0.0	37.0	0.0	40976.0	2.11	80757.0	4.16	163831.0	8.44	82126.0	4.23	127761.0	6.58	83591.0	4.3	99183.0	5.12	94927.0	4.890000000000001	1765499	90.95
Lle-CNas_055.clmp.fp2_r2_screen	1941176	129595.0	6.67	2.0	0.0	0.0	0.0	1.0	0.0	40870.0	2.1	81368.0	4.19	165767.0	8.54	82522.0	4.25	128543.0	6.62	83866.0	4.31	99479.0	5.13	95401.0	4.8999999999999995	1763752	90.86
Lle-CNas_056.clmp.fp2_r1_screen	5076507	376353.0	7.41	32.0	0.0	0.0	0.0	106.0	0.0	116570.0	2.29	242779.0	4.779999999999999	467648.0	9.22	249956.0	4.93	369211.0	7.2700000000000005	243510.0	4.79	288313.0	5.68	274727.0	5.41	4577486	90.17
Lle-CNas_056.clmp.fp2_r2_screen	5076507	380592.0	7.5	47.0	0.0	0.0	0.0	4.0	0.0	115727.0	2.28	245177.0	4.83	475856.0	9.370000000000001	251473.0	4.95	374770.0	7.39	246266.0	4.8500000000000005	291930.0	5.75	277647.0	5.47	4569871	90.02
Lle-CNas_057.clmp.fp2_r1_screen	2332529	144855.0	6.2	2.0	0.0	0.0	0.0	35.0	0.0	45956.0	1.97	91123.0	3.9099999999999997	185592.0	7.95	91488.0	3.92	143970.0	6.18	94561.0	4.05	112382.0	4.83	106884.0	4.58	2133331	91.46
Lle-CNas_057.clmp.fp2_r2_screen	2332529	145825.0	6.25	4.0	0.0	0.0	0.0	2.0	0.0	46008.0	1.97	91506.0	3.93	186922.0	8.01	92004.0	3.94	144969.0	6.22	94936.0	4.07	112807.0	4.84	107321.0	4.6	2131931	91.4
Lle-CNas_058.clmp.fp2_r1_screen	2310016	158778.0	6.859999999999999	1.0	0.0	0.0	0.0	34.0	0.0	50577.0	2.19	99669.0	4.3100000000000005	201933.0	8.74	101137.0	4.38	156857.0	6.78	102982.0	4.46	122358.0	5.3	116337.0	5.04	2093798	90.64
Lle-CNas_058.clmp.fp2_r2_screen	2310016	159798.0	6.92	1.0	0.0	0.0	0.0	1.0	0.0	50745.0	2.19	99815.0	4.329999999999999	203694.0	8.82	101433.0	4.38	157857.0	6.840000000000001	103090.0	4.46	123075.0	5.33	117083.0	5.07	2091950	90.56
Lle-CNas_059.clmp.fp2_r1_screen	2505768	151189.0	6.03	0.0	0.0	0.0	0.0	17.0	0.0	49693.0	1.98	95184.0	3.79	193851.0	7.74	96342.0	3.8400000000000003	151078.0	6.04	100190.0	4.0	118365.0	4.73	113555.0	4.53	2298039	91.71
Lle-CNas_059.clmp.fp2_r2_screen	2505768	152418.0	6.09	0.0	0.0	0.0	0.0	1.0	0.0	49481.0	1.97	96006.0	3.82	196457.0	7.85	96909.0	3.87	152876.0	6.1	100816.0	4.02	118783.0	4.74	114550.0	4.58	2295784	91.62
Lle-CNas_060.clmp.fp2_r1_screen	1724785	104280.0	6.04	1.0	0.0	0.0	0.0	22.0	0.0	32823.0	1.9	64592.0	3.74	134541.0	7.800000000000001	65561.0	3.8000000000000003	103698.0	6.02	67077.0	3.8899999999999997	80171.0	4.65	76761.0	4.45	1580248	91.62
Lle-CNas_060.clmp.fp2_r2_screen	1724785	105461.0	6.109999999999999	1.0	0.0	0.0	0.0	0.0	0.0	32468.0	1.8800000000000001	64875.0	3.76	137324.0	7.96	65613.0	3.79	104860.0	6.08	67487.0	3.92	80725.0	4.680000000000001	77189.0	4.4799999999999995	1577660	91.47
Lle-CNas_061.clmp.fp2_r1_screen	1230714	72798.0	5.92	3.0	0.0	0.0	0.0	9.0	0.0	23679.0	1.93	45794.0	3.73	91244.0	7.42	46197.0	3.75	71139.0	5.78	47398.0	3.85	56000.0	4.56	53318.0	4.329999999999999	1131887	91.97
Lle-CNas_061.clmp.fp2_r2_screen	1230714	73050.0	5.94	0.0	0.0	0.0	0.0	0.0	0.0	23595.0	1.92	46053.0	3.75	91932.0	7.470000000000001	46634.0	3.79	71629.0	5.83	47630.0	3.87	56348.0	4.59	53599.0	4.35	1131395	91.93
Lle-CNas_062.clmp.fp2_r1_screen	1727965	115632.0	6.6899999999999995	3.0	0.0	0.0	0.0	57.0	0.0	39333.0	2.28	74655.0	4.32	144454.0	8.36	75626.0	4.38	114886.0	6.66	77635.0	4.5	91227.0	5.29	87329.0	5.04	1573657	91.07
Lle-CNas_062.clmp.fp2_r2_screen	1727965	117196.0	6.7700000000000005	3.0	0.0	0.0	0.0	0.0	0.0	39162.0	2.27	75623.0	4.38	146509.0	8.48	76416.0	4.420000000000001	116801.0	6.76	78689.0	4.55	92243.0	5.34	88400.0	5.12	1571411	90.94
Lle-CNas_063.clmp.fp2_r1_screen	1279516	67133.0	5.239999999999999	1.0	0.0	0.0	0.0	15.0	0.0	10456.0	0.81	32439.0	2.5399999999999996	94823.0	7.409999999999999	33802.0	2.64	64924.0	5.08	33754.0	2.6399999999999997	44353.0	3.4699999999999998	42822.0	3.35	1176387	91.94
Lle-CNas_063.clmp.fp2_r2_screen	1279516	67709.0	5.279999999999999	1.0	0.0	0.0	0.0	0.0	0.0	10537.0	0.8200000000000001	32496.0	2.54	95975.0	7.5	33982.0	2.6500000000000004	65629.0	5.13	33930.0	2.65	44715.0	3.5	43040.0	3.36	1175235	91.85
Lle-CNas_064.clmp.fp2_r1_screen	1307595	88294.0	6.75	4.0	0.0	0.0	0.0	20.0	0.0	30038.0	2.3	57326.0	4.39	110873.0	8.469999999999999	57727.0	4.420000000000001	88075.0	6.74	59106.0	4.5200000000000005	69496.0	5.32	66130.0	5.05	1188996	90.93
Lle-CNas_064.clmp.fp2_r2_screen	1307595	89213.0	6.82	1.0	0.0	0.0	0.0	0.0	0.0	29890.0	2.29	57636.0	4.41	112065.0	8.57	58011.0	4.43	89024.0	6.8100000000000005	59412.0	4.54	70048.0	5.36	67002.0	5.13	1187688	90.83
Lle-CNas_065.clmp.fp2_r1_screen	2398163	160464.0	6.6899999999999995	4.0	0.0	0.0	0.0	35.0	0.0	51910.0	2.16	101642.0	4.23	203106.0	8.46	103430.0	4.3100000000000005	159283.0	6.65	105588.0	4.4	124813.0	5.21	119414.0	4.98	2181129	90.95
Lle-CNas_065.clmp.fp2_r2_screen	2398163	160367.0	6.68	4.0	0.0	0.0	0.0	0.0	0.0	51548.0	2.15	101577.0	4.24	204193.0	8.51	103135.0	4.3	159328.0	6.6499999999999995	105136.0	4.38	124660.0	5.21	119278.0	4.970000000000001	2180169	90.91
Lle-CNas_066.clmp.fp2_r1_screen	1104528	68031.0	6.16	0.0	0.0	0.0	0.0	20.0	0.0	23316.0	2.11	43561.0	3.93	86088.0	7.790000000000001	44099.0	3.9899999999999998	67662.0	6.119999999999999	44941.0	4.06	53177.0	4.82	50878.0	4.6000000000000005	1012410	91.66
Lle-CNas_066.clmp.fp2_r2_screen	1104528	68725.0	6.220000000000001	0.0	0.0	0.0	0.0	0.0	0.0	22962.0	2.08	43693.0	3.96	87303.0	7.9	44178.0	3.9899999999999998	68172.0	6.17	45046.0	4.069999999999999	53637.0	4.87	51033.0	4.61	1011195	91.55
Lle-CNas_067.clmp.fp2_r1_screen	2054854	124292.0	6.04	0.0	0.0	0.0	0.0	32.0	0.0	39069.0	1.9	77421.0	3.76	160119.0	7.800000000000001	78605.0	3.83	123542.0	6.01	80564.0	3.92	96180.0	4.680000000000001	91854.0	4.47	1882862	91.63
Lle-CNas_067.clmp.fp2_r2_screen	2054854	125377.0	6.1	0.0	0.0	0.0	0.0	3.0	0.0	39074.0	1.9	78106.0	3.8	162621.0	7.92	78749.0	3.83	124864.0	6.07	80917.0	3.94	97049.0	4.72	92240.0	4.49	1880602	91.52
Lle-CNas_068.clmp.fp2_r1_screen	6420087	442709.0	6.89	1.0	0.0	1.0	0.0	119.0	0.0	149126.0	2.32	286307.0	4.46	550537.0	8.58	290732.0	4.54	438062.0	6.82	296609.0	4.62	348762.0	5.43	333508.0	5.2	5832649	90.85
Lle-CNas_068.clmp.fp2_r2_screen	6420087	446074.0	6.94	0.0	0.0	0.0	0.0	3.0	0.0	147577.0	2.3	287775.0	4.48	558443.0	8.69	292527.0	4.55	442416.0	6.8999999999999995	297429.0	4.64	350606.0	5.46	335424.0	5.22	5824944	90.73
Lle-CNas_069.clmp.fp2_r1_screen	1597444	97442.0	6.1	3.0	0.0	0.0	0.0	8.0	0.0	30116.0	1.8900000000000001	60728.0	3.8099999999999996	126491.0	7.91	61214.0	3.8200000000000003	97157.0	6.08	63065.0	3.94	75179.0	4.710000000000001	71530.0	4.4799999999999995	1461661	91.5
Lle-CNas_069.clmp.fp2_r2_screen	1597444	98194.0	6.13	2.0	0.0	0.0	0.0	0.0	0.0	30050.0	1.8800000000000001	61200.0	3.83	127586.0	7.98	61594.0	3.85	97808.0	6.12	63382.0	3.9699999999999998	75695.0	4.74	72253.0	4.53	1460702	91.44
Lle-CNas_070.clmp.fp2_r1_screen	1960717	128334.0	6.55	0.0	0.0	0.0	0.0	21.0	0.0	41037.0	2.09	81081.0	4.14	163181.0	8.32	81644.0	4.15	127198.0	6.48	84060.0	4.28	99614.0	5.08	95282.0	4.86	1785821	91.08
Lle-CNas_070.clmp.fp2_r2_screen	1960717	128760.0	6.58	0.0	0.0	0.0	0.0	1.0	0.0	40950.0	2.09	81399.0	4.1499999999999995	164919.0	8.41	81556.0	4.15	127887.0	6.53	84116.0	4.28	99407.0	5.069999999999999	95242.0	4.8500000000000005	1784448	91.01
Lle-CNas_071.clmp.fp2_r1_screen	2036309	134895.0	6.62	5.0	0.0	0.0	0.0	14.0	0.0	44957.0	2.21	85691.0	4.21	171818.0	8.44	87333.0	4.29	133991.0	6.590000000000001	89126.0	4.38	105373.0	5.17	101020.0	4.96	1852633	90.98
Lle-CNas_071.clmp.fp2_r2_screen	2036309	135252.0	6.640000000000001	5.0	0.0	0.0	0.0	0.0	0.0	44359.0	2.18	85515.0	4.1899999999999995	172839.0	8.48	86986.0	4.2700000000000005	134379.0	6.61	88948.0	4.37	105218.0	5.17	101094.0	4.96	1851819	90.94
Lle-CNas_072.clmp.fp2_r1_screen	2299863	153045.0	6.6499999999999995	0.0	0.0	0.0	0.0	28.0	0.0	50903.0	2.21	97403.0	4.23	194900.0	8.47	98956.0	4.29	151779.0	6.6000000000000005	101006.0	4.39	119290.0	5.1899999999999995	114112.0	4.96	2091955	90.96
Lle-CNas_072.clmp.fp2_r2_screen	2299863	154893.0	6.73	1.0	0.0	0.0	0.0	3.0	0.0	50725.0	2.2	98151.0	4.2700000000000005	197566.0	8.6	99721.0	4.33	154118.0	6.71	101645.0	4.42	120416.0	5.24	115501.0	5.02	2089195	90.84
Lle-CNas_073.clmp.fp2_r1_screen	2283222	148305.0	6.5	2.0	0.0	0.0	0.0	18.0	0.0	48466.0	2.12	93698.0	4.1	189053.0	8.280000000000001	95023.0	4.17	148058.0	6.489999999999999	97512.0	4.2700000000000005	115553.0	5.07	110961.0	4.87	2081156	91.15
Lle-CNas_073.clmp.fp2_r2_screen	2283222	148246.0	6.49	1.0	0.0	0.0	0.0	2.0	0.0	48439.0	2.12	93950.0	4.109999999999999	190858.0	8.36	95248.0	4.16	148355.0	6.5	98007.0	4.29	116017.0	5.08	110976.0	4.86	2079558	91.08
Lle-CNas_074.clmp.fp2_r1_screen	2180668	147217.0	6.75	0.0	0.0	0.0	0.0	23.0	0.0	48519.0	2.22	93666.0	4.3	187340.0	8.59	94716.0	4.340000000000001	146470.0	6.72	96806.0	4.43	114349.0	5.24	109581.0	5.0200000000000005	1980264	90.81
Lle-CNas_074.clmp.fp2_r2_screen	2180668	147805.0	6.78	1.0	0.0	0.0	0.0	2.0	0.0	48356.0	2.22	94030.0	4.31	188826.0	8.649999999999999	94860.0	4.340000000000001	147050.0	6.75	97035.0	4.45	114943.0	5.2700000000000005	109813.0	5.03	1978956	90.75
Lle-CNas_075.clmp.fp2_r1_screen	2267390	163702.0	7.22	3.0	0.0	0.0	0.0	28.0	0.0	52127.0	2.3	104483.0	4.62	208230.0	9.19	106022.0	4.67	162187.0	7.16	106700.0	4.699999999999999	127101.0	5.61	120737.0	5.32	2045412	90.21
Lle-CNas_075.clmp.fp2_r2_screen	2267390	165069.0	7.279999999999999	3.0	0.0	0.0	0.0	0.0	0.0	51916.0	2.29	104995.0	4.63	210436.0	9.280000000000001	106511.0	4.699999999999999	163762.0	7.2299999999999995	106935.0	4.72	127494.0	5.63	121281.0	5.35	2043371	90.12
Lle-CNas_076.clmp.fp2_r1_screen	2454967	165411.0	6.74	8.0	0.0	0.0	0.0	32.0	0.0	54395.0	2.22	104840.0	4.28	210192.0	8.57	106763.0	4.3500000000000005	164618.0	6.71	108895.0	4.43	128501.0	5.239999999999999	123215.0	5.03	2230092	90.84
Lle-CNas_076.clmp.fp2_r2_screen	2454967	165988.0	6.760000000000001	5.0	0.0	0.0	0.0	2.0	0.0	54271.0	2.21	105218.0	4.29	212106.0	8.65	106758.0	4.340000000000001	165579.0	6.74	109040.0	4.44	129170.0	5.260000000000001	123798.0	5.04	2228373	90.77
Lle-CNas_077.clmp.fp2_r1_screen	1800852	132206.0	7.34	3.0	0.0	0.0	0.0	28.0	0.0	44609.0	2.47	86091.0	4.779999999999999	165189.0	9.18	86802.0	4.8100000000000005	131237.0	7.29	88227.0	4.8999999999999995	104054.0	5.78	99055.0	5.51	1624548	90.21
Lle-CNas_077.clmp.fp2_r2_screen	1800852	132778.0	7.36	3.0	0.0	0.0	0.0	2.0	0.0	44455.0	2.46	86507.0	4.8	166704.0	9.26	87211.0	4.83	131883.0	7.319999999999999	88806.0	4.92	104549.0	5.8100000000000005	99450.0	5.5200000000000005	1622927	90.12
Lle-CNas_078.clmp.fp2_r1_screen	2037496	118217.0	5.8	1.0	0.0	0.0	0.0	33.0	0.0	36663.0	1.8	72731.0	3.57	152653.0	7.49	73600.0	3.6	117047.0	5.75	75522.0	3.7	90150.0	4.43	86200.0	4.22	1873273	91.94
Lle-CNas_078.clmp.fp2_r2_screen	2037496	118471.0	5.819999999999999	1.0	0.0	0.0	0.0	0.0	0.0	36506.0	1.79	72998.0	3.58	154631.0	7.59	73707.0	3.61	117913.0	5.78	75846.0	3.7199999999999998	90523.0	4.45	86924.0	4.2700000000000005	1871236	91.84
Lle-CNas_079.clmp.fp2_r1_screen	3102769	219662.0	7.08	1.0	0.0	0.0	0.0	65.0	0.0	76770.0	2.47	143190.0	4.6	270509.0	8.72	145325.0	4.670000000000001	215941.0	6.96	147042.0	4.74	172516.0	5.5600000000000005	164237.0	5.29	2812660	90.65
Lle-CNas_079.clmp.fp2_r2_screen	3102769	220691.0	7.11	1.0	0.0	0.0	0.0	7.0	0.0	76044.0	2.45	143374.0	4.61	273224.0	8.8	145629.0	4.69	217267.0	7.0	147460.0	4.75	172981.0	5.57	165116.0	5.32	2810177	90.57
Lle-CNas_080.clmp.fp2_r1_screen	2026938	131183.0	6.48	2.0	0.0	1.0	0.0	31.0	0.0	42699.0	2.11	84307.0	4.15	165041.0	8.14	85534.0	4.22	129529.0	6.390000000000001	86152.0	4.25	102151.0	5.04	97280.0	4.8100000000000005	1850594	91.3
Lle-CNas_080.clmp.fp2_r2_screen	2026938	132953.0	6.5600000000000005	2.0	0.0	0.0	0.0	0.0	0.0	42451.0	2.09	84907.0	4.1899999999999995	168020.0	8.290000000000001	85996.0	4.23	131200.0	6.47	86845.0	4.28	103251.0	5.1	98206.0	4.840000000000001	1847553	91.15
Lle-CNas_081.clmp.fp2_r1_screen	3080294	222038.0	7.21	3.0	0.0	0.0	0.0	47.0	0.0	72733.0	2.36	140373.0	4.569999999999999	280379.0	9.1	143237.0	4.65	219679.0	7.130000000000001	146033.0	4.7299999999999995	172641.0	5.6	164771.0	5.35	2780581	90.27
Lle-CNas_081.clmp.fp2_r2_screen	3080294	222144.0	7.209999999999999	3.0	0.0	0.0	0.0	2.0	0.0	72450.0	2.35	141003.0	4.579999999999999	282935.0	9.18	143452.0	4.640000000000001	220601.0	7.16	145817.0	4.7299999999999995	173093.0	5.63	164898.0	5.36	2778117	90.19
Lle-CNas_082.clmp.fp2_r1_screen	2008776	137818.0	6.8500000000000005	0.0	0.0	0.0	0.0	16.0	0.0	44862.0	2.23	87112.0	4.33	176151.0	8.77	88274.0	4.4	137524.0	6.85	90472.0	4.5	107393.0	5.3500000000000005	102725.0	5.12	1820754	90.64
Lle-CNas_082.clmp.fp2_r2_screen	2008776	137888.0	6.86	0.0	0.0	0.0	0.0	1.0	0.0	44134.0	2.2	86660.0	4.31	176849.0	8.81	87550.0	4.36	137478.0	6.84	90088.0	4.49	107048.0	5.33	102504.0	5.11	1819951	90.6
Lle-CNas_083.clmp.fp2_r1_screen	2963821	208058.0	7.01	0.0	0.0	0.0	0.0	41.0	0.0	68333.0	2.3	133107.0	4.48	263903.0	8.91	135997.0	4.6	207530.0	7.0	138463.0	4.67	163381.0	5.510000000000001	156224.0	5.2700000000000005	2682850	90.52
Lle-CNas_083.clmp.fp2_r2_screen	2963821	209763.0	7.08	1.0	0.0	0.0	0.0	1.0	0.0	68038.0	2.29	134176.0	4.53	266671.0	9.0	136135.0	4.6	209330.0	7.06	138924.0	4.6899999999999995	164408.0	5.55	157179.0	5.31	2680183	90.43
Lle-CNas_084.clmp.fp2_r1_screen	2731438	183012.0	6.699999999999999	1.0	0.0	0.0	0.0	58.0	0.0	61965.0	2.27	118350.0	4.33	228804.0	8.38	120268.0	4.41	181575.0	6.6499999999999995	121809.0	4.45	143379.0	5.26	136848.0	5.01	2486154	91.02
Lle-CNas_084.clmp.fp2_r2_screen	2731438	184604.0	6.75	0.0	0.0	0.0	0.0	3.0	0.0	61714.0	2.2600000000000002	118952.0	4.36	232061.0	8.5	120773.0	4.420000000000001	183368.0	6.71	122705.0	4.49	144711.0	5.31	138294.0	5.06	2483150	90.91
Lle-CNas_085.clmp.fp2_r1_screen	2506695	170361.0	6.800000000000001	1.0	0.0	0.0	0.0	18.0	0.0	58149.0	2.32	109337.0	4.35	214924.0	8.58	110966.0	4.42	169396.0	6.76	113862.0	4.54	133691.0	5.34	128579.0	5.119999999999999	2277332	90.85
Lle-CNas_085.clmp.fp2_r2_screen	2506695	171499.0	6.84	1.0	0.0	0.0	0.0	2.0	0.0	57700.0	2.3	109363.0	4.35	217384.0	8.67	110564.0	4.4	170614.0	6.8100000000000005	113881.0	4.54	134323.0	5.36	128793.0	5.14	2275076	90.76
Lle-CNas_086.clmp.fp2_r1_screen	1940395	133689.0	6.89	1.0	0.0	0.0	0.0	17.0	0.0	43275.0	2.23	84599.0	4.37	169452.0	8.74	85905.0	4.430000000000001	132966.0	6.86	88183.0	4.55	104323.0	5.38	99904.0	5.1499999999999995	1759162	90.66
Lle-CNas_086.clmp.fp2_r2_screen	1940395	134746.0	6.9399999999999995	4.0	0.0	0.0	0.0	1.0	0.0	43519.0	2.24	85296.0	4.3999999999999995	171129.0	8.82	86372.0	4.45	134316.0	6.930000000000001	88561.0	4.56	104966.0	5.41	100609.0	5.18	1757609	90.58
Lle-CNas_087.clmp.fp2_r1_screen	2046122	132026.0	6.45	3.0	0.0	0.0	0.0	36.0	0.0	42050.0	2.06	82943.0	4.05	169255.0	8.27	83998.0	4.1000000000000005	130919.0	6.4	85303.0	4.17	101729.0	4.97	96932.0	4.739999999999999	1864835	91.14
Lle-CNas_087.clmp.fp2_r2_screen	2046122	132888.0	6.49	0.0	0.0	0.0	0.0	1.0	0.0	42024.0	2.05	83441.0	4.08	170756.0	8.35	84325.0	4.11	132164.0	6.46	85888.0	4.19	102581.0	5.0200000000000005	97872.0	4.77	1863403	91.07
Lle-CNas_088.clmp.fp2_r1_screen	2301965	163410.0	7.1000000000000005	0.0	0.0	0.0	0.0	28.0	0.0	52800.0	2.29	104471.0	4.55	204852.0	8.9	106438.0	4.62	160708.0	6.99	107112.0	4.6499999999999995	127307.0	5.54	120747.0	5.25	2083048	90.49
Lle-CNas_088.clmp.fp2_r2_screen	2301965	163496.0	7.1000000000000005	0.0	0.0	0.0	0.0	0.0	0.0	52214.0	2.27	103968.0	4.52	206017.0	8.959999999999999	106060.0	4.6	161216.0	7.01	106845.0	4.63	127112.0	5.53	120411.0	5.220000000000001	2082127	90.45
Lle-CNas_089.clmp.fp2_r1_screen	2005297	140415.0	7.0	1.0	0.0	0.0	0.0	31.0	0.0	45682.0	2.28	89592.0	4.46	178184.0	8.879999999999999	90928.0	4.53	139153.0	6.9399999999999995	92330.0	4.6	109642.0	5.47	104500.0	5.21	1814994	90.51
Lle-CNas_089.clmp.fp2_r2_screen	2005297	140499.0	7.0	1.0	0.0	0.0	0.0	0.0	0.0	45416.0	2.2600000000000002	89252.0	4.449999999999999	178932.0	8.93	90325.0	4.5	139458.0	6.95	92145.0	4.59	109538.0	5.470000000000001	104399.0	5.21	1814392	90.48
Lle-CNas_090.clmp.fp2_r1_screen	2090148	134635.0	6.44	4.0	0.0	0.0	0.0	24.0	0.0	43221.0	2.07	85922.0	4.109999999999999	169432.0	8.1	87852.0	4.21	131627.0	6.300000000000001	87411.0	4.18	103662.0	4.96	98124.0	4.68	1908723	91.32
Lle-CNas_090.clmp.fp2_r2_screen	2090148	136057.0	6.51	4.0	0.0	0.0	0.0	0.0	0.0	42341.0	2.02	86088.0	4.12	171631.0	8.2	87864.0	4.2	133231.0	6.38	87387.0	4.18	104433.0	5.0	98712.0	4.71	1906423	91.21
Lle-CNas_091.clmp.fp2_r1_screen	1799989	108123.0	6.01	0.0	0.0	0.0	0.0	35.0	0.0	35029.0	1.95	68733.0	3.82	137747.0	7.65	69496.0	3.85	107367.0	5.96	71278.0	3.96	84201.0	4.680000000000001	80610.0	4.48	1652389	91.8
Lle-CNas_091.clmp.fp2_r2_screen	1799989	109266.0	6.069999999999999	0.0	0.0	0.0	0.0	1.0	0.0	34581.0	1.92	69199.0	3.84	139463.0	7.75	69982.0	3.89	108548.0	6.04	71541.0	3.9699999999999998	84806.0	4.720000000000001	81235.0	4.52	1650769	91.71
Lle-CNas_092.clmp.fp2_r1_screen	5163139	350822.0	6.79	1.0	0.0	0.0	0.0	119.0	0.0	123828.0	2.4	229816.0	4.4399999999999995	437272.0	8.469999999999999	233562.0	4.53	349107.0	6.75	238086.0	4.61	278819.0	5.4	266270.0	5.159999999999999	4698456	91.0
Lle-CNas_092.clmp.fp2_r2_screen	5163139	355440.0	6.890000000000001	0.0	0.0	0.0	0.0	4.0	0.0	123345.0	2.39	232525.0	4.5	444992.0	8.61	235483.0	4.55	353804.0	6.84	240157.0	4.65	281794.0	5.46	269496.0	5.22	4690711	90.85
Lle-CNas_093.clmp.fp2_r1_screen	1540881	102634.0	6.6499999999999995	0.0	0.0	0.0	0.0	34.0	0.0	36334.0	2.36	67072.0	4.34	127565.0	8.28	68379.0	4.43	102008.0	6.61	69841.0	4.529999999999999	81479.0	5.289999999999999	77964.0	5.05	1404821	91.17
Lle-CNas_093.clmp.fp2_r2_screen	1540881	103280.0	6.7	0.0	0.0	0.0	0.0	1.0	0.0	35626.0	2.31	67239.0	4.359999999999999	129289.0	8.39	68117.0	4.41	102809.0	6.67	70216.0	4.55	81491.0	5.289999999999999	78240.0	5.07	1403280	91.07
Lle-CNas_094.clmp.fp2_r1_screen	2106313	141474.0	6.72	3.0	0.0	0.0	0.0	36.0	0.0	46404.0	2.2	90305.0	4.28	178822.0	8.49	91428.0	4.34	139874.0	6.640000000000001	92816.0	4.41	110047.0	5.23	104977.0	4.98	1914638	90.9
Lle-CNas_094.clmp.fp2_r2_screen	2106313	141862.0	6.73	1.0	0.0	0.0	0.0	0.0	0.0	46397.0	2.2	90408.0	4.3	179809.0	8.530000000000001	91354.0	4.33	140777.0	6.69	92980.0	4.41	110275.0	5.2299999999999995	105323.0	5.0	1913585	90.85
Lle-CNas_095.clmp.fp2_r1_screen	4904435	350351.0	7.15	1.0	0.0	0.0	0.0	76.0	0.0	119474.0	2.43	227784.0	4.640000000000001	436078.0	8.9	231515.0	4.7299999999999995	346118.0	7.06	234411.0	4.7700000000000005	275106.0	5.609999999999999	262244.0	5.3500000000000005	4439004	90.51
Lle-CNas_095.clmp.fp2_r2_screen	4904435	352254.0	7.18	1.0	0.0	0.0	0.0	3.0	0.0	118506.0	2.41	227755.0	4.64	439839.0	8.97	231216.0	4.71	348183.0	7.1000000000000005	234198.0	4.78	275995.0	5.63	263116.0	5.36	4435571	90.44
Lle-CNas_096.clmp.fp2_r1_screen	3677748	279729.0	7.6000000000000005	6.0	0.0	0.0	0.0	92.0	0.0	102377.0	2.78	185847.0	5.04	343027.0	9.32	189095.0	5.13	276145.0	7.51	190390.0	5.18	221332.0	6.0200000000000005	211077.0	5.7299999999999995	3312915	90.08
Lle-CNas_096.clmp.fp2_r2_screen	3677748	281409.0	7.65	2.0	0.0	0.0	0.0	3.0	0.0	100873.0	2.74	186414.0	5.07	346474.0	9.42	189306.0	5.1499999999999995	277765.0	7.5600000000000005	190380.0	5.17	222321.0	6.04	212200.0	5.760000000000001	3309605	89.99
