	13.0	14.0	15.0	16.0	17.0	18.0	19.0	20.0	21.0	22.0	23.0	24.0	25.0	26.0	27.0	28.0	29.0	30.0	31.0	32.0	33.0	34.0	35.0	36.0	37.0
Lle-AHam_001.1	3.0	24.0	215.0	534.0	1172.0	2270.0	4042.0	6539.0	11063.0	17155.0	26114.0	37331.0	51724.0	69720.0	95804.0	128911.0	175390.0	232233.0	314594.0	475108.0	927268.0	1537879.0	2978273.0	13499668.0	1339895.0
	11.0	12.0	13.0	14.0	15.0	16.0	17.0	18.0	19.0	20.0	21.0	22.0	23.0	24.0	25.0	26.0	27.0	28.0	29.0	30.0	31.0	32.0	33.0	34.0	35.0	36.0	37.0
Lle-AHam_001.2	3.0	323.0	3733.0	12368.0	20205.0	22900.0	22269.0	22238.0	24969.0	32398.0	46166.0	64185.0	74244.0	77807.0	84185.0	98176.0	122824.0	158371.0	199144.0	239596.0	300908.0	416472.0	657494.0	1333937.0	4289717.0	13152943.0	455354.0
	14.0	15.0	16.0	17.0	18.0	19.0	20.0	21.0	22.0	23.0	24.0	25.0	26.0	27.0	28.0	29.0	30.0	31.0	32.0	33.0	34.0	35.0	36.0	37.0
Lle-AHam_002.1	22.0	182.0	607.0	1203.0	2292.0	3866.0	6107.0	10045.0	15093.0	22666.0	32349.0	45769.0	63083.0	87409.0	118002.0	160050.0	213365.0	289614.0	455482.0	937537.0	1490004.0	2748738.0	11983588.0	1156712.0
	11.0	12.0	13.0	14.0	15.0	16.0	17.0	18.0	19.0	20.0	21.0	22.0	23.0	24.0	25.0	26.0	27.0	28.0	29.0	30.0	31.0	32.0	33.0	34.0	35.0	36.0	37.0
Lle-AHam_002.2	4.0	279.0	3275.0	9847.0	14759.0	15852.0	15717.0	15958.0	17844.0	23136.0	32531.0	43716.0	51108.0	56255.0	63550.0	77101.0	99154.0	131017.0	172574.0	215763.0	269274.0	365890.0	575687.0	1165668.0	3693752.0	12233210.0	480864.0
	14.0	15.0	16.0	17.0	18.0	19.0	20.0	21.0	22.0	23.0	24.0	25.0	26.0	27.0	28.0	29.0	30.0	31.0	32.0	33.0	34.0	35.0	36.0	37.0
Lle-AHam_003.1	30.0	179.0	687.0	1570.0	3001.0	5342.0	8920.0	14398.0	22850.0	34702.0	49949.0	68782.0	92301.0	122625.0	162581.0	216541.0	285648.0	389121.0	651665.0	1466207.0	2076793.0	3515675.0	13438474.0	1180761.0
	11.0	12.0	13.0	14.0	15.0	16.0	17.0	18.0	19.0	20.0	21.0	22.0	23.0	24.0	25.0	26.0	27.0	28.0	29.0	30.0	31.0	32.0	33.0	34.0	35.0	36.0	37.0
Lle-AHam_003.2	11.0	781.0	7140.0	19962.0	28984.0	30683.0	28454.0	27267.0	30109.0	38735.0	55681.0	74103.0	85881.0	91974.0	98583.0	110290.0	129902.0	158467.0	199454.0	254767.0	327704.0	452193.0	711625.0	1465321.0	4602208.0	14220212.0	558311.0
	13.0	14.0	15.0	16.0	17.0	18.0	19.0	20.0	21.0	22.0	23.0	24.0	25.0	26.0	27.0	28.0	29.0	30.0	31.0	32.0	33.0	34.0	35.0	36.0	37.0
Lle-AHam_004.1	5.0	48.0	277.0	944.0	2050.0	3809.0	6300.0	10048.0	16136.0	24508.0	36408.0	50922.0	68711.0	90929.0	120489.0	158215.0	207316.0	270219.0	355998.0	497098.0	883533.0	1849028.0	3485838.0	14215616.0	871925.0
	11.0	12.0	13.0	14.0	15.0	16.0	17.0	18.0	19.0	20.0	21.0	22.0	23.0	24.0	25.0	26.0	27.0	28.0	29.0	30.0	31.0	32.0	33.0	34.0	35.0	36.0	37.0
Lle-AHam_004.2	2.0	615.0	5708.0	16336.0	24617.0	25570.0	24778.0	25141.0	28696.0	37782.0	53459.0	71334.0	83359.0	89966.0	99865.0	116466.0	142625.0	182920.0	233758.0	283302.0	343977.0	460359.0	712575.0	1425364.0	4407903.0	13785919.0	543974.0
	13.0	14.0	15.0	16.0	17.0	18.0	19.0	20.0	21.0	22.0	23.0	24.0	25.0	26.0	27.0	28.0	29.0	30.0	31.0	32.0	33.0	34.0	35.0	36.0	37.0
Lle-AHam_005.1	3.0	56.0	365.0	934.0	1998.0	3455.0	6044.0	9559.0	14805.0	23105.0	33935.0	47480.0	64571.0	85658.0	114069.0	150410.0	198975.0	258802.0	341406.0	481630.0	862916.0	1776151.0	3342974.0	13546120.0	786259.0
	11.0	12.0	13.0	14.0	15.0	16.0	17.0	18.0	19.0	20.0	21.0	22.0	23.0	24.0	25.0	26.0	27.0	28.0	29.0	30.0	31.0	32.0	33.0	34.0	35.0	36.0	37.0
Lle-AHam_005.2	11.0	541.0	4666.0	13968.0	20716.0	22121.0	21431.0	21793.0	25352.0	33623.0	47871.0	66047.0	77392.0	84254.0	92640.0	105695.0	128596.0	159776.0	204005.0	252482.0	318504.0	444953.0	717313.0	1490157.0	4463503.0	12872625.0	461645.0
	13.0	14.0	15.0	16.0	17.0	18.0	19.0	20.0	21.0	22.0	23.0	24.0	25.0	26.0	27.0	28.0	29.0	30.0	31.0	32.0	33.0	34.0	35.0	36.0	37.0
Lle-AHam_006.1	2.0	50.0	274.0	1055.0	2231.0	4342.0	7888.0	13604.0	22657.0	35876.0	52576.0	72887.0	95121.0	119869.0	152672.0	194806.0	251860.0	320352.0	416861.0	588372.0	1121962.0	2361350.0	3952235.0	14090637.0	785468.0
	11.0	12.0	13.0	14.0	15.0	16.0	17.0	18.0	19.0	20.0	21.0	22.0	23.0	24.0	25.0	26.0	27.0	28.0	29.0	30.0	31.0	32.0	33.0	34.0	35.0	36.0	37.0
Lle-AHam_006.2	5.0	530.0	4902.0	13621.0	20228.0	21609.0	20709.0	21833.0	27135.0	37572.0	55468.0	76976.0	95086.0	109719.0	124009.0	140447.0	166319.0	202684.0	246693.0	294379.0	361873.0	498279.0	796586.0	1656497.0	4978684.0	14125056.0	568108.0
	13.0	14.0	15.0	16.0	17.0	18.0	19.0	20.0	21.0	22.0	23.0	24.0	25.0	26.0	27.0	28.0	29.0	30.0	31.0	32.0	33.0	34.0	35.0	36.0	37.0
Lle-AHam_007.1	1.0	47.0	228.0	580.0	1157.0	1909.0	3237.0	5246.0	8667.0	14296.0	21787.0	30975.0	43226.0	58832.0	80140.0	108257.0	144558.0	189709.0	248797.0	337096.0	491865.0	986697.0	2526852.0	12153668.0	1038856.0
	11.0	12.0	13.0	14.0	15.0	16.0	17.0	18.0	19.0	20.0	21.0	22.0	23.0	24.0	25.0	26.0	27.0	28.0	29.0	30.0	31.0	32.0	33.0	34.0	35.0	36.0	37.0
Lle-AHam_007.2	2.0	434.0	4322.0	12612.0	18997.0	20587.0	20115.0	20340.0	23115.0	30510.0	43067.0	57489.0	65528.0	68554.0	74745.0	87173.0	110443.0	144319.0	179139.0	207373.0	246651.0	333500.0	527845.0	1074353.0	3316171.0	11295919.0	513380.0
	13.0	14.0	15.0	16.0	17.0	18.0	19.0	20.0	21.0	22.0	23.0	24.0	25.0	26.0	27.0	28.0	29.0	30.0	31.0	32.0	33.0	34.0	35.0	36.0	37.0
Lle-AHam_008.1	1.0	7.0	116.0	384.0	863.0	1436.0	2349.0	3700.0	6004.0	9234.0	13696.0	19358.0	26374.0	33686.0	43740.0	55858.0	71798.0	91866.0	117427.0	160105.0	240668.0	517582.0	1193015.0	4126092.0	297577.0
	11.0	12.0	13.0	14.0	15.0	16.0	17.0	18.0	19.0	20.0	21.0	22.0	23.0	24.0	25.0	26.0	27.0	28.0	29.0	30.0	31.0	32.0	33.0	34.0	35.0	36.0	37.0
Lle-AHam_008.2	2.0	174.0	1751.0	5084.0	7282.0	7481.0	7414.0	7998.0	9463.0	12589.0	17736.0	23445.0	28584.0	32173.0	35430.0	39909.0	47523.0	60163.0	75921.0	90111.0	106087.0	142192.0	226481.0	467170.0	1369661.0	4032056.0	179056.0
	14.0	15.0	16.0	17.0	18.0	19.0	20.0	21.0	22.0	23.0	24.0	25.0	26.0	27.0	28.0	29.0	30.0	31.0	32.0	33.0	34.0	35.0	36.0	37.0
Lle-AHam_009.1	31.0	197.0	542.0	1299.0	2278.0	3927.0	6468.0	10509.0	16845.0	24607.0	34031.0	45760.0	62349.0	84165.0	113006.0	150874.0	199213.0	260777.0	352476.0	516741.0	1030834.0	2638265.0	12290464.0	1110392.0
	11.0	12.0	13.0	14.0	15.0	16.0	17.0	18.0	19.0	20.0	21.0	22.0	23.0	24.0	25.0	26.0	27.0	28.0	29.0	30.0	31.0	32.0	33.0	34.0	35.0	36.0	37.0
Lle-AHam_009.2	1.0	311.0	2962.0	9330.0	14574.0	16234.0	15830.0	16359.0	18853.0	25259.0	36305.0	49555.0	57756.0	61801.0	69790.0	84053.0	108500.0	140140.0	171925.0	203657.0	255735.0	357267.0	577358.0	1203161.0	3747876.0	11290989.0	420469.0
	13.0	14.0	15.0	16.0	17.0	18.0	19.0	20.0	21.0	22.0	23.0	24.0	25.0	26.0	27.0	28.0	29.0	30.0	31.0	32.0	33.0	34.0	35.0	36.0	37.0
Lle-AHam_010.1	2.0	42.0	299.0	972.0	2108.0	3678.0	6215.0	9934.0	16232.0	25577.0	36962.0	51787.0	69319.0	92245.0	122679.0	161234.0	213102.0	276565.0	357705.0	479050.0	695840.0	1396280.0	3527228.0	15920954.0	1410935.0
	12.0	13.0	14.0	15.0	16.0	17.0	18.0	19.0	20.0	21.0	22.0	23.0	24.0	25.0	26.0	27.0	28.0	29.0	30.0	31.0	32.0	33.0	34.0	35.0	36.0	37.0
Lle-AHam_010.2	374.0	3743.0	11182.0	17221.0	18852.0	19270.0	20721.0	24439.0	32555.0	46653.0	62521.0	74345.0	82959.0	94172.0	111846.0	138415.0	174378.0	215835.0	263402.0	337409.0	475498.0	763515.0	1563794.0	4734384.0	14955631.0	633830.0
	13.0	14.0	15.0	16.0	17.0	18.0	19.0	20.0	21.0	22.0	23.0	24.0	25.0	26.0	27.0	28.0	29.0	30.0	31.0	32.0	33.0	34.0	35.0	36.0	37.0
Lle-AHam_011.1	1.0	18.0	107.0	445.0	1073.0	1896.0	3017.0	4707.0	7126.0	10526.0	15010.0	20642.0	28187.0	37900.0	51266.0	68833.0	91828.0	120144.0	157746.0	214248.0	306397.0	548008.0	1419621.0	7864476.0	742702.0
	11.0	12.0	13.0	14.0	15.0	16.0	17.0	18.0	19.0	20.0	21.0	22.0	23.0	24.0	25.0	26.0	27.0	28.0	29.0	30.0	31.0	32.0	33.0	34.0	35.0	36.0	37.0
Lle-AHam_011.2	2.0	206.0	2337.0	7309.0	11366.0	11938.0	11575.0	11867.0	13857.0	18012.0	24977.0	33308.0	38446.0	41740.0	46120.0	56283.0	74868.0	107919.0	149098.0	170549.0	176563.0	210342.0	311180.0	596927.0	1842682.0	7395717.0	350736.0
	14.0	15.0	16.0	17.0	18.0	19.0	20.0	21.0	22.0	23.0	24.0	25.0	26.0	27.0	28.0	29.0	30.0	31.0	32.0	33.0	34.0	35.0	36.0	37.0
Lle-AHam_012.1	20.0	188.0	788.0	1761.0	3136.0	4923.0	7884.0	12147.0	17921.0	25340.0	34050.0	44531.0	57994.0	75899.0	99446.0	129923.0	169000.0	219743.0	292184.0	413808.0	727640.0	1798605.0	9976703.0	956647.0
	12.0	13.0	14.0	15.0	16.0	17.0	18.0	19.0	20.0	21.0	22.0	23.0	24.0	25.0	26.0	27.0	28.0	29.0	30.0	31.0	32.0	33.0	34.0	35.0	36.0	37.0
Lle-AHam_012.2	240.0	2236.0	6275.0	9495.0	10430.0	10866.0	11967.0	14222.0	18801.0	25901.0	34028.0	40756.0	46573.0	55764.0	67874.0	87304.0	115328.0	156812.0	202972.0	241256.0	296321.0	428312.0	810616.0	2523342.0	9446154.0	406436.0
	14.0	15.0	16.0	17.0	18.0	19.0	20.0	21.0	22.0	23.0	24.0	25.0	26.0	27.0	28.0	29.0	30.0	31.0	32.0	33.0	34.0	35.0	36.0	37.0
Lle-AHam_013.1	7.0	16.0	50.0	119.0	273.0	337.0	569.0	896.0	1305.0	2005.0	2921.0	4236.0	5442.0	7134.0	9167.0	11905.0	15727.0	21109.0	32210.0	66994.0	158156.0	188739.0	739409.0	81733.0
	12.0	13.0	14.0	15.0	16.0	17.0	18.0	19.0	20.0	21.0	22.0	23.0	24.0	25.0	26.0	27.0	28.0	29.0	30.0	31.0	32.0	33.0	34.0	35.0	36.0	37.0
Lle-AHam_013.2	25.0	150.0	456.0	734.0	857.0	1120.0	1173.0	1576.0	2321.0	3225.0	4266.0	5428.0	6603.0	7957.0	10432.0	15548.0	26251.0	39599.0	45165.0	38454.0	32105.0	37499.0	65786.0	199875.0	767815.0	36039.0
	13.0	14.0	15.0	16.0	17.0	18.0	19.0	20.0	21.0	22.0	23.0	24.0	25.0	26.0	27.0	28.0	29.0	30.0	31.0	32.0	33.0	34.0	35.0	36.0	37.0
Lle-AHam_014.1	2.0	45.0	262.0	896.0	2057.0	4086.0	6683.0	10937.0	17851.0	27832.0	41541.0	57885.0	77021.0	100252.0	129597.0	169181.0	221044.0	290305.0	389293.0	633738.0	1371836.0	1985846.0	3434820.0	13631574.0	1218359.0
	11.0	12.0	13.0	14.0	15.0	16.0	17.0	18.0	19.0	20.0	21.0	22.0	23.0	24.0	25.0	26.0	27.0	28.0	29.0	30.0	31.0	32.0	33.0	34.0	35.0	36.0	37.0
Lle-AHam_014.2	6.0	443.0	4482.0	13051.0	19635.0	20239.0	19830.0	20932.0	24131.0	33201.0	48122.0	66138.0	80601.0	88694.0	97731.0	110838.0	132486.0	163505.0	207780.0	260354.0	328502.0	451998.0	716159.0	1446394.0	4324813.0	14507718.0	635160.0
	13.0	14.0	15.0	16.0	17.0	18.0	19.0	20.0	21.0	22.0	23.0	24.0	25.0	26.0	27.0	28.0	29.0	30.0	31.0	32.0	33.0	34.0	35.0	36.0	37.0
Lle-AHam_015.1	3.0	62.0	238.0	900.0	2287.0	4194.0	7280.0	11896.0	20335.0	31508.0	47045.0	64576.0	85329.0	109041.0	137706.0	176548.0	228080.0	295097.0	393969.0	674518.0	1585535.0	2157634.0	3418658.0	12211238.0	1066744.0
	11.0	12.0	13.0	14.0	15.0	16.0	17.0	18.0	19.0	20.0	21.0	22.0	23.0	24.0	25.0	26.0	27.0	28.0	29.0	30.0	31.0	32.0	33.0	34.0	35.0	36.0	37.0
Lle-AHam_015.2	6.0	491.0	4521.0	12872.0	18822.0	20112.0	19654.0	20561.0	24693.0	33803.0	48975.0	67703.0	83493.0	93995.0	104540.0	118390.0	139342.0	168524.0	209426.0	252774.0	312636.0	426465.0	669289.0	1356250.0	4116537.0	13749848.0	656699.0
	14.0	15.0	16.0	17.0	18.0	19.0	20.0	21.0	22.0	23.0	24.0	25.0	26.0	27.0	28.0	29.0	30.0	31.0	32.0	33.0	34.0	35.0	36.0	37.0
Lle-AHam_016.1	6.0	51.0	246.0	502.0	993.0	1648.0	2391.0	3639.0	5202.0	7809.0	10549.0	14573.0	19701.0	26734.0	35706.0	47070.0	62656.0	82901.0	113993.0	176829.0	341936.0	796469.0	3681260.0	284414.0
	11.0	12.0	13.0	14.0	15.0	16.0	17.0	18.0	19.0	20.0	21.0	22.0	23.0	24.0	25.0	26.0	27.0	28.0	29.0	30.0	31.0	32.0	33.0	34.0	35.0	36.0	37.0
Lle-AHam_016.2	1.0	31.0	416.0	1388.0	2408.0	3077.0	3308.0	4174.0	5512.0	7622.0	10279.0	13114.0	16242.0	20484.0	26533.0	37468.0	55510.0	78946.0	96726.0	99383.0	100812.0	120619.0	181540.0	354643.0	1105939.0	3264643.0	106460.0
	13.0	14.0	15.0	16.0	17.0	18.0	19.0	20.0	21.0	22.0	23.0	24.0	25.0	26.0	27.0	28.0	29.0	30.0	31.0	32.0	33.0	34.0	35.0	36.0	37.0
Lle-AHam_017.1	4.0	64.0	378.0	1320.0	2784.0	5148.0	8469.0	13549.0	21197.0	32874.0	48038.0	66434.0	89002.0	115384.0	151345.0	196901.0	256767.0	332208.0	433413.0	596866.0	983361.0	1929379.0	3914206.0	17633037.0	1137077.0
	11.0	12.0	13.0	14.0	15.0	16.0	17.0	18.0	19.0	20.0	21.0	22.0	23.0	24.0	25.0	26.0	27.0	28.0	29.0	30.0	31.0	32.0	33.0	34.0	35.0	36.0	37.0
Lle-AHam_017.2	1.0	584.0	5269.0	15614.0	23594.0	26212.0	26246.0	28145.0	32995.0	44824.0	63655.0	83932.0	99193.0	110867.0	125050.0	144365.0	173822.0	214793.0	269723.0	331810.0	419605.0	576428.0	894213.0	1776909.0	5489429.0	16414840.0	577087.0
	13.0	14.0	15.0	16.0	17.0	18.0	19.0	20.0	21.0	22.0	23.0	24.0	25.0	26.0	27.0	28.0	29.0	30.0	31.0	32.0	33.0	34.0	35.0	36.0	37.0
Lle-AHam_018.1	2.0	33.0	243.0	882.0	1988.0	3789.0	6282.0	10611.0	17031.0	26385.0	38577.0	53314.0	71281.0	92069.0	120595.0	157181.0	205241.0	266570.0	346406.0	463451.0	670207.0	1315509.0	3217653.0	15310919.0	1351650.0
	11.0	12.0	13.0	14.0	15.0	16.0	17.0	18.0	19.0	20.0	21.0	22.0	23.0	24.0	25.0	26.0	27.0	28.0	29.0	30.0	31.0	32.0	33.0	34.0	35.0	36.0	37.0
Lle-AHam_018.2	4.0	302.0	3538.0	10843.0	16847.0	19266.0	19925.0	21335.0	24707.0	32660.0	47051.0	63450.0	74548.0	82988.0	93737.0	111191.0	137302.0	172797.0	212657.0	258730.0	328824.0	459236.0	734466.0	1494799.0	4557152.0	14205243.0	564271.0
	13.0	14.0	15.0	16.0	17.0	18.0	19.0	20.0	21.0	22.0	23.0	24.0	25.0	26.0	27.0	28.0	29.0	30.0	31.0	32.0	33.0	34.0	35.0	36.0	37.0
Lle-AHam_019.1	2.0	43.0	236.0	673.0	1508.0	2796.0	4980.0	9241.0	15602.0	25369.0	38085.0	52489.0	68410.0	85818.0	110027.0	138995.0	176541.0	222239.0	282880.0	374053.0	556689.0	1296818.0	3085011.0	10384579.0	740455.0
	11.0	12.0	13.0	14.0	15.0	16.0	17.0	18.0	19.0	20.0	21.0	22.0	23.0	24.0	25.0	26.0	27.0	28.0	29.0	30.0	31.0	32.0	33.0	34.0	35.0	36.0	37.0
Lle-AHam_019.2	2.0	367.0	2845.0	7747.0	11415.0	11894.0	11733.0	12573.0	15665.0	22450.0	32808.0	45303.0	57541.0	68633.0	80761.0	93990.0	112743.0	136423.0	167064.0	200471.0	247697.0	343018.0	569131.0	1224617.0	3593194.0	10154875.0	448579.0
	13.0	14.0	15.0	16.0	17.0	18.0	19.0	20.0	21.0	22.0	23.0	24.0	25.0	26.0	27.0	28.0	29.0	30.0	31.0	32.0	33.0	34.0	35.0	36.0	37.0
Lle-AHam_020.1	6.0	30.0	176.0	511.0	1060.0	1904.0	2939.0	4660.0	7707.0	12175.0	18108.0	26035.0	36118.0	49076.0	66988.0	90787.0	120846.0	158829.0	208385.0	281987.0	411973.0	807208.0	2072544.0	9974144.0	801578.0
	11.0	12.0	13.0	14.0	15.0	16.0	17.0	18.0	19.0	20.0	21.0	22.0	23.0	24.0	25.0	26.0	27.0	28.0	29.0	30.0	31.0	32.0	33.0	34.0	35.0	36.0	37.0
Lle-AHam_020.2	8.0	599.0	5163.0	13319.0	19074.0	20573.0	19718.0	19549.0	21455.0	27466.0	38435.0	50489.0	55381.0	56545.0	60056.0	67964.0	82654.0	108717.0	150311.0	196879.0	234752.0	283619.0	410407.0	806201.0	2562564.0	9399060.0	444816.0
	13.0	14.0	15.0	16.0	17.0	18.0	19.0	20.0	21.0	22.0	23.0	24.0	25.0	26.0	27.0	28.0	29.0	30.0	31.0	32.0	33.0	34.0	35.0	36.0	37.0
Lle-AHam_021.1	3.0	61.0	278.0	932.0	1813.0	3196.0	5238.0	8984.0	14387.0	22591.0	32963.0	44556.0	58070.0	73466.0	94506.0	122307.0	157989.0	201369.0	257688.0	343095.0	496514.0	1039052.0	2623188.0	10706356.0	898265.0
	11.0	12.0	13.0	14.0	15.0	16.0	17.0	18.0	19.0	20.0	21.0	22.0	23.0	24.0	25.0	26.0	27.0	28.0	29.0	30.0	31.0	32.0	33.0	34.0	35.0	36.0	37.0
Lle-AHam_021.2	3.0	328.0	3116.0	8704.0	12354.0	12671.0	12382.0	13046.0	15823.0	21570.0	31215.0	42778.0	54031.0	62701.0	71818.0	83058.0	100204.0	123962.0	154484.0	187143.0	230593.0	311698.0	483211.0	963593.0	3007687.0	10665447.0	533247.0
	14.0	15.0	16.0	17.0	18.0	19.0	20.0	21.0	22.0	23.0	24.0	25.0	26.0	27.0	28.0	29.0	30.0	31.0	32.0	33.0	34.0	35.0	36.0	37.0
Lle-AHam_022.1	30.0	200.0	733.0	1413.0	2573.0	4209.0	6744.0	10893.0	17025.0	25235.0	35627.0	48674.0	65965.0	90785.0	122170.0	165229.0	218031.0	286136.0	388304.0	567026.0	1120401.0	2845697.0	13765595.0	1272727.0
	11.0	12.0	13.0	14.0	15.0	16.0	17.0	18.0	19.0	20.0	21.0	22.0	23.0	24.0	25.0	26.0	27.0	28.0	29.0	30.0	31.0	32.0	33.0	34.0	35.0	36.0	37.0
Lle-AHam_022.2	4.0	399.0	4161.0	13030.0	20409.0	23325.0	22907.0	23158.0	25794.0	33512.0	47172.0	63596.0	71151.0	74476.0	81669.0	97909.0	128444.0	176034.0	226545.0	259693.0	296022.0	383948.0	601884.0	1222407.0	3790617.0	12840182.0	532974.0
	13.0	14.0	15.0	16.0	17.0	18.0	19.0	20.0	21.0	22.0	23.0	24.0	25.0	26.0	27.0	28.0	29.0	30.0	31.0	32.0	33.0	34.0	35.0	36.0	37.0
Lle-AHam_023.1	1.0	41.0	357.0	979.0	2294.0	4201.0	6943.0	10951.0	17432.0	26141.0	37688.0	51209.0	67161.0	86744.0	111988.0	144578.0	188933.0	242847.0	315728.0	420054.0	600205.0	1102501.0	2773186.0	14480201.0	1366619.0
	11.0	12.0	13.0	14.0	15.0	16.0	17.0	18.0	19.0	20.0	21.0	22.0	23.0	24.0	25.0	26.0	27.0	28.0	29.0	30.0	31.0	32.0	33.0	34.0	35.0	36.0	37.0
Lle-AHam_023.2	3.0	476.0	4983.0	14445.0	21267.0	23687.0	23712.0	24267.0	28770.0	39051.0	54403.0	71839.0	82189.0	87671.0	96068.0	109767.0	134306.0	173605.0	224307.0	265237.0	311503.0	409321.0	619918.0	1194594.0	3666026.0	13750963.0	626604.0
	13.0	14.0	15.0	16.0	17.0	18.0	19.0	20.0	21.0	22.0	23.0	24.0	25.0	26.0	27.0	28.0	29.0	30.0	31.0	32.0	33.0	34.0	35.0	36.0	37.0
Lle-AHam_024.1	5.0	39.0	242.0	960.0	2248.0	3909.0	6029.0	9815.0	14667.0	20864.0	29323.0	39991.0	51646.0	68245.0	89358.0	117893.0	154648.0	199456.0	258789.0	345992.0	491578.0	880103.0	2269778.0	12226667.0	1165311.0
	11.0	12.0	13.0	14.0	15.0	16.0	17.0	18.0	19.0	20.0	21.0	22.0	23.0	24.0	25.0	26.0	27.0	28.0	29.0	30.0	31.0	32.0	33.0	34.0	35.0	36.0	37.0
Lle-AHam_024.2	4.0	322.0	3754.0	11525.0	18939.0	22179.0	22958.0	24856.0	28343.0	36595.0	49245.0	63877.0	73046.0	79738.0	88330.0	105906.0	140603.0	197412.0	256550.0	280564.0	286504.0	340176.0	498548.0	935470.0	2813282.0	11485441.0	583389.0
	14.0	15.0	16.0	17.0	18.0	19.0	20.0	21.0	22.0	23.0	24.0	25.0	26.0	27.0	28.0	29.0	30.0	31.0	32.0	33.0	34.0	35.0	36.0	37.0
Lle-AHam_025.1	14.0	140.0	549.0	1181.0	2147.0	3585.0	5520.0	8481.0	13486.0	19417.0	26857.0	35494.0	46476.0	60569.0	80245.0	105992.0	138697.0	186648.0	294892.0	631319.0	1023434.0	1727088.0	6873485.0	643224.0
	11.0	12.0	13.0	14.0	15.0	16.0	17.0	18.0	19.0	20.0	21.0	22.0	23.0	24.0	25.0	26.0	27.0	28.0	29.0	30.0	31.0	32.0	33.0	34.0	35.0	36.0	37.0
Lle-AHam_025.2	3.0	152.0	1883.0	5828.0	8732.0	9878.0	9730.0	10566.0	12809.0	17520.0	24553.0	32084.0	37553.0	41678.0	47521.0	57140.0	73898.0	97307.0	124532.0	147042.0	174229.0	232731.0	366736.0	741502.0	2290144.0	7080303.0	282886.0
	12.0	13.0	14.0	15.0	16.0	17.0	18.0	19.0	20.0	21.0	22.0	23.0	24.0	25.0	26.0	27.0	28.0	29.0	30.0	31.0	32.0	33.0	34.0	35.0	36.0	37.0
Lle-AHam_026.1	1.0	0.0	11.0	71.0	329.0	711.0	1344.0	2293.0	3702.0	6320.0	10184.0	15924.0	23158.0	33388.0	46110.0	63368.0	85621.0	115169.0	153464.0	210295.0	360333.0	852523.0	1229351.0	2015336.0	7403562.0	655037.0
	11.0	12.0	13.0	14.0	15.0	16.0	17.0	18.0	19.0	20.0	21.0	22.0	23.0	24.0	25.0	26.0	27.0	28.0	29.0	30.0	31.0	32.0	33.0	34.0	35.0	36.0	37.0
Lle-AHam_026.2	2.0	302.0	2425.0	6421.0	9297.0	9816.0	9222.0	8969.0	10363.0	14246.0	20669.0	28743.0	34612.0	38880.0	44118.0	52368.0	64914.0	84955.0	112301.0	141238.0	176309.0	242397.0	382160.0	793481.0	2521654.0	8142459.0	335284.0
	14.0	15.0	16.0	17.0	18.0	19.0	20.0	21.0	22.0	23.0	24.0	25.0	26.0	27.0	28.0	29.0	30.0	31.0	32.0	33.0	34.0	35.0	36.0	37.0
Lle-AHam_027.1	17.0	118.0	409.0	876.0	1466.0	2569.0	4053.0	6813.0	10567.0	16478.0	23398.0	33080.0	45046.0	61623.0	83643.0	113401.0	150058.0	201681.0	293777.0	567547.0	1260485.0	2223037.0	7995609.0	472021.0
	11.0	12.0	13.0	14.0	15.0	16.0	17.0	18.0	19.0	20.0	21.0	22.0	23.0	24.0	25.0	26.0	27.0	28.0	29.0	30.0	31.0	32.0	33.0	34.0	35.0	36.0	37.0
Lle-AHam_027.2	2.0	239.0	2390.0	7525.0	11855.0	12969.0	12338.0	12536.0	14268.0	18934.0	27607.0	36126.0	41306.0	44936.0	52726.0	67075.0	90897.0	120539.0	148268.0	170075.0	204989.0	286175.0	480833.0	1058130.0	3181474.0	7253003.0	210557.0
	14.0	15.0	16.0	17.0	18.0	19.0	20.0	21.0	22.0	23.0	24.0	25.0	26.0	27.0	28.0	29.0	30.0	31.0	32.0	33.0	34.0	35.0	36.0	37.0
Lle-AHam_028.1	20.0	77.0	244.0	501.0	1021.0	1769.0	2863.0	4807.0	7313.0	11013.0	15706.0	21963.0	30022.0	40985.0	54520.0	72169.0	95507.0	126989.0	180292.0	334159.0	708550.0	1276807.0	4848670.0	284857.0
	12.0	13.0	14.0	15.0	16.0	17.0	18.0	19.0	20.0	21.0	22.0	23.0	24.0	25.0	26.0	27.0	28.0	29.0	30.0	31.0	32.0	33.0	34.0	35.0	36.0	37.0
Lle-AHam_028.2	137.0	1176.0	3286.0	4907.0	5109.0	5264.0	5315.0	6304.0	8656.0	11961.0	16203.0	19495.0	22934.0	27672.0	34125.0	44218.0	57147.0	75327.0	93513.0	118167.0	165783.0	273832.0	585878.0	1787183.0	4597272.0	149960.0
	13.0	14.0	15.0	16.0	17.0	18.0	19.0	20.0	21.0	22.0	23.0	24.0	25.0	26.0	27.0	28.0	29.0	30.0	31.0	32.0	33.0	34.0	35.0	36.0	37.0
Lle-AHam_029.1	6.0	59.0	207.0	687.0	1459.0	2683.0	4517.0	6815.0	10574.0	16415.0	24213.0	34113.0	47641.0	64620.0	87771.0	116696.0	156554.0	205146.0	273640.0	385892.0	677031.0	1416982.0	2878402.0	11634480.0	741561.0
	11.0	12.0	13.0	14.0	15.0	16.0	17.0	18.0	19.0	20.0	21.0	22.0	23.0	24.0	25.0	26.0	27.0	28.0	29.0	30.0	31.0	32.0	33.0	34.0	35.0	36.0	37.0
Lle-AHam_029.2	7.0	617.0	5771.0	15623.0	22823.0	24498.0	23738.0	24458.0	27775.0	36397.0	50180.0	65627.0	70019.0	73251.0	80132.0	94314.0	119994.0	161302.0	224816.0	292960.0	339284.0	406491.0	596320.0	1205751.0	3779060.0	10683190.0	363766.0
	13.0	14.0	15.0	16.0	17.0	18.0	19.0	20.0	21.0	22.0	23.0	24.0	25.0	26.0	27.0	28.0	29.0	30.0	31.0	32.0	33.0	34.0	35.0	36.0	37.0
Lle-AHam_030.1	2.0	42.0	271.0	871.0	2064.0	3620.0	5795.0	9036.0	14178.0	21872.0	32072.0	44513.0	59446.0	78320.0	102385.0	134129.0	176313.0	227674.0	296256.0	397133.0	578779.0	1148411.0	2914518.0	13763249.0	1194773.0
	11.0	12.0	13.0	14.0	15.0	16.0	17.0	18.0	19.0	20.0	21.0	22.0	23.0	24.0	25.0	26.0	27.0	28.0	29.0	30.0	31.0	32.0	33.0	34.0	35.0	36.0	37.0
Lle-AHam_030.2	8.0	660.0	6662.0	18385.0	25476.0	26945.0	26293.0	27009.0	30794.0	40734.0	57476.0	76624.0	86330.0	87109.0	89968.0	99941.0	120722.0	155516.0	202988.0	245693.0	288754.0	372268.0	558041.0	1070658.0	3293552.0	13444666.0	752450.0
	13.0	14.0	15.0	16.0	17.0	18.0	19.0	20.0	21.0	22.0	23.0	24.0	25.0	26.0	27.0	28.0	29.0	30.0	31.0	32.0	33.0	34.0	35.0	36.0	37.0
Lle-AHam_031.1	2.0	39.0	445.0	1453.0	3225.0	5708.0	9145.0	14615.0	21774.0	32876.0	48342.0	66158.0	88818.0	115806.0	150788.0	195995.0	255548.0	327288.0	424184.0	564698.0	817381.0	1557196.0	3809699.0	18629503.0	1536543.0
	11.0	12.0	13.0	14.0	15.0	16.0	17.0	18.0	19.0	20.0	21.0	22.0	23.0	24.0	25.0	26.0	27.0	28.0	29.0	30.0	31.0	32.0	33.0	34.0	35.0	36.0	37.0
Lle-AHam_031.2	5.0	655.0	7340.0	21905.0	32973.0	36556.0	36107.0	37100.0	42406.0	55328.0	77228.0	102242.0	116258.0	119260.0	124267.0	138189.0	162289.0	202233.0	259754.0	319883.0	392427.0	528266.0	813999.0	1586104.0	4705530.0	17845615.0	913310.0
	13.0	14.0	15.0	16.0	17.0	18.0	19.0	20.0	21.0	22.0	23.0	24.0	25.0	26.0	27.0	28.0	29.0	30.0	31.0	32.0	33.0	34.0	35.0	36.0	37.0
Lle-AHam_032.1	2.0	32.0	231.0	777.0	1718.0	2961.0	4900.0	7978.0	13088.0	20518.0	30695.0	43457.0	59487.0	79411.0	105749.0	139030.0	182580.0	235855.0	306258.0	412795.0	614563.0	1325549.0	3292188.0	13530723.0	1023710.0
	11.0	12.0	13.0	14.0	15.0	16.0	17.0	18.0	19.0	20.0	21.0	22.0	23.0	24.0	25.0	26.0	27.0	28.0	29.0	30.0	31.0	32.0	33.0	34.0	35.0	36.0	37.0
Lle-AHam_032.2	3.0	502.0	4555.0	12719.0	18121.0	19280.0	18263.0	19084.0	21894.0	28841.0	39930.0	54347.0	63639.0	70612.0	77627.0	88102.0	108495.0	138852.0	179058.0	218631.0	264468.0	358708.0	559315.0	1127722.0	3524111.0	13618748.0	798628.0
	14.0	15.0	16.0	17.0	18.0	19.0	20.0	21.0	22.0	23.0	24.0	25.0	26.0	27.0	28.0	29.0	30.0	31.0	32.0	33.0	34.0	35.0	36.0	37.0
Lle-CNas_001.1	10.0	103.0	329.0	669.0	1167.0	1868.0	2658.0	3932.0	5503.0	7693.0	10204.0	13355.0	17599.0	23538.0	31298.0	41297.0	54052.0	71375.0	101410.0	175480.0	278135.0	540112.0	3167033.0	374986.0
	11.0	12.0	13.0	14.0	15.0	16.0	17.0	18.0	19.0	20.0	21.0	22.0	23.0	24.0	25.0	26.0	27.0	28.0	29.0	30.0	31.0	32.0	33.0	34.0	35.0	36.0	37.0
Lle-CNas_001.2	2.0	30.0	320.0	1150.0	2216.0	2975.0	3518.0	4167.0	5190.0	6849.0	9206.0	12298.0	14718.0	17084.0	20720.0	25491.0	33122.0	42327.0	53256.0	65179.0	81228.0	110329.0	169063.0	323657.0	958267.0	2867288.0	94156.0
	14.0	15.0	16.0	17.0	18.0	19.0	20.0	21.0	22.0	23.0	24.0	25.0	26.0	27.0	28.0	29.0	30.0	31.0	32.0	33.0	34.0	35.0	36.0	37.0
Lle-CNas_002.1	9.0	104.0	290.0	684.0	1105.0	1640.0	2263.0	3131.0	4332.0	5789.0	7900.0	10451.0	13528.0	17910.0	24082.0	31795.0	41080.0	54649.0	71889.0	101216.0	173393.0	433385.0	2605091.0	283142.0
	11.0	12.0	13.0	14.0	15.0	16.0	17.0	18.0	19.0	20.0	21.0	22.0	23.0	24.0	25.0	26.0	27.0	28.0	29.0	30.0	31.0	32.0	33.0	34.0	35.0	36.0	37.0
Lle-CNas_002.2	2.0	42.0	414.0	1500.0	2561.0	3166.0	3585.0	4043.0	5160.0	6445.0	8621.0	10793.0	12541.0	14250.0	16728.0	20247.0	25317.0	32538.0	44295.0	59749.0	80133.0	99762.0	132256.0	229143.0	650911.0	2328405.0	96251.0
	14.0	15.0	16.0	17.0	18.0	19.0	20.0	21.0	22.0	23.0	24.0	25.0	26.0	27.0	28.0	29.0	30.0	31.0	32.0	33.0	34.0	35.0	36.0	37.0
Lle-CNas_003.1	18.0	109.0	379.0	791.0	1293.0	1851.0	2730.0	3706.0	5013.0	6863.0	9171.0	12167.0	16393.0	21789.0	28644.0	38737.0	50053.0	66269.0	90592.0	137274.0	248295.0	553544.0	3099322.0	271979.0
	11.0	12.0	13.0	14.0	15.0	16.0	17.0	18.0	19.0	20.0	21.0	22.0	23.0	24.0	25.0	26.0	27.0	28.0	29.0	30.0	31.0	32.0	33.0	34.0	35.0	36.0	37.0
Lle-CNas_003.2	1.0	35.0	372.0	1415.0	2363.0	2983.0	3501.0	4177.0	5132.0	6971.0	9065.0	12200.0	14360.0	16998.0	20563.0	25602.0	32772.0	42992.0	56105.0	69826.0	84416.0	112697.0	171664.0	330572.0	971305.0	2594790.0	74105.0
	14.0	15.0	16.0	17.0	18.0	19.0	20.0	21.0	22.0	23.0	24.0	25.0	26.0	27.0	28.0	29.0	30.0	31.0	32.0	33.0	34.0	35.0	36.0	37.0
Lle-CNas_004.1	24.0	132.0	414.0	998.0	1642.0	2410.0	3221.0	4665.0	6383.0	8407.0	10890.0	14474.0	18752.0	25245.0	34110.0	45813.0	61479.0	80515.0	109382.0	154234.0	260425.0	632028.0	4234717.0	489529.0
	12.0	13.0	14.0	15.0	16.0	17.0	18.0	19.0	20.0	21.0	22.0	23.0	24.0	25.0	26.0	27.0	28.0	29.0	30.0	31.0	32.0	33.0	34.0	35.0	36.0	37.0
Lle-CNas_004.2	38.0	435.0	1611.0	2937.0	4043.0	4807.0	5791.0	7082.0	9515.0	12726.0	16237.0	19437.0	21628.0	25815.0	31994.0	42117.0	55676.0	71549.0	84968.0	103447.0	138075.0	209130.0	394145.0	1142329.0	3661199.0	133158.0
	13.0	14.0	15.0	16.0	17.0	18.0	19.0	20.0	21.0	22.0	23.0	24.0	25.0	26.0	27.0	28.0	29.0	30.0	31.0	32.0	33.0	34.0	35.0	36.0	37.0
Lle-CNas_005.1	1.0	9.0	62.0	180.0	416.0	731.0	1068.0	1547.0	2269.0	3067.0	4413.0	6086.0	8179.0	11036.0	14544.0	19800.0	25862.0	34415.0	46369.0	71733.0	156866.0	271787.0	344543.0	1810009.0	182831.0
	12.0	13.0	14.0	15.0	16.0	17.0	18.0	19.0	20.0	21.0	22.0	23.0	24.0	25.0	26.0	27.0	28.0	29.0	30.0	31.0	32.0	33.0	34.0	35.0	36.0	37.0
Lle-CNas_005.2	22.0	324.0	1138.0	2012.0	2610.0	2801.0	3219.0	4011.0	5456.0	7437.0	9966.0	11736.0	13797.0	16372.0	20844.0	29118.0	44947.0	68606.0	82256.0	75104.0	73533.0	99724.0	184797.0	527247.0	1667217.0	63529.0
	13.0	14.0	15.0	16.0	17.0	18.0	19.0	20.0	21.0	22.0	23.0	24.0	25.0	26.0	27.0	28.0	29.0	30.0	31.0	32.0	33.0	34.0	35.0	36.0	37.0
Lle-CNas_006.1	2.0	25.0	244.0	957.0	2079.0	3532.0	5279.0	7496.0	10312.0	14307.0	19156.0	25191.0	33219.0	43644.0	57214.0	75126.0	98585.0	127634.0	167681.0	227235.0	352533.0	665519.0	1434795.0	7261646.0	629719.0
	11.0	12.0	13.0	14.0	15.0	16.0	17.0	18.0	19.0	20.0	21.0	22.0	23.0	24.0	25.0	26.0	27.0	28.0	29.0	30.0	31.0	32.0	33.0	34.0	35.0	36.0	37.0
Lle-CNas_006.2	6.0	123.0	1219.0	4153.0	7461.0	9328.0	10743.0	12140.0	14955.0	20094.0	27578.0	35584.0	41603.0	47306.0	55963.0	70025.0	91861.0	121604.0	155237.0	182231.0	212018.0	274105.0	417579.0	807993.0	2338310.0	6126508.0	177403.0
	13.0	14.0	15.0	16.0	17.0	18.0	19.0	20.0	21.0	22.0	23.0	24.0	25.0	26.0	27.0	28.0	29.0	30.0	31.0	32.0	33.0	34.0	35.0	36.0	37.0
Lle-CNas_007.1	1.0	10.0	78.0	257.0	605.0	988.0	1503.0	2244.0	3099.0	4299.0	5687.0	7758.0	10755.0	13782.0	18887.0	25410.0	34071.0	44643.0	58455.0	82007.0	142320.0	246349.0	472533.0	2713419.0	301630.0
	12.0	13.0	14.0	15.0	16.0	17.0	18.0	19.0	20.0	21.0	22.0	23.0	24.0	25.0	26.0	27.0	28.0	29.0	30.0	31.0	32.0	33.0	34.0	35.0	36.0	37.0
Lle-CNas_007.2	48.0	531.0	1610.0	2628.0	3219.0	3529.0	4017.0	4776.0	6186.0	8268.0	10944.0	12731.0	14292.0	16675.0	19872.0	25090.0	32305.0	41561.0	54245.0	68565.0	90131.0	131175.0	245345.0	737807.0	2556140.0	99100.0
	13.0	14.0	15.0	16.0	17.0	18.0	19.0	20.0	21.0	22.0	23.0	24.0	25.0	26.0	27.0	28.0	29.0	30.0	31.0	32.0	33.0	34.0	35.0	36.0	37.0
Lle-CNas_008.1	3.0	15.0	109.0	322.0	736.0	1190.0	1918.0	2737.0	3750.0	5179.0	7104.0	9480.0	13137.0	17133.0	22716.0	30447.0	40881.0	53858.0	72602.0	113194.0	221257.0	348860.0	550347.0	3013739.0	328158.0
	11.0	12.0	13.0	14.0	15.0	16.0	17.0	18.0	19.0	20.0	21.0	22.0	23.0	24.0	25.0	26.0	27.0	28.0	29.0	30.0	31.0	32.0	33.0	34.0	35.0	36.0	37.0
Lle-CNas_008.2	1.0	37.0	317.0	1181.0	2249.0	2925.0	3467.0	4375.0	5664.0	7411.0	10075.0	12996.0	15651.0	18456.0	22596.0	29335.0	40864.0	57799.0	75963.0	86562.0	93082.0	113450.0	169343.0	321431.0	919440.0	2751553.0	92649.0
	13.0	14.0	15.0	16.0	17.0	18.0	19.0	20.0	21.0	22.0	23.0	24.0	25.0	26.0	27.0	28.0	29.0	30.0	31.0	32.0	33.0	34.0	35.0	36.0	37.0
Lle-CNas_009.1	1.0	10.0	88.0	340.0	800.0	1295.0	2064.0	2858.0	4195.0	5787.0	7980.0	11013.0	14388.0	19254.0	25932.0	34265.0	46265.0	61326.0	83021.0	137548.0	278960.0	460299.0	687890.0	3361316.0	321821.0
	12.0	13.0	14.0	15.0	16.0	17.0	18.0	19.0	20.0	21.0	22.0	23.0	24.0	25.0	26.0	27.0	28.0	29.0	30.0	31.0	32.0	33.0	34.0	35.0	36.0	37.0
Lle-CNas_009.2	36.0	506.0	1998.0	3602.0	4600.0	5524.0	6400.0	7865.0	10653.0	14696.0	19213.0	22309.0	24643.0	28617.0	37366.0	53037.0	73348.0	89785.0	94569.0	97770.0	118591.0	176761.0	341660.0	1023135.0	3200477.0	111555.0
	14.0	15.0	16.0	17.0	18.0	19.0	20.0	21.0	22.0	23.0	24.0	25.0	26.0	27.0	28.0	29.0	30.0	31.0	32.0	33.0	34.0	35.0	36.0	37.0
Lle-CNas_010.1	10.0	84.0	316.0	683.0	1226.0	1882.0	2453.0	3470.0	4789.0	6417.0	8457.0	11559.0	15044.0	20053.0	26431.0	34781.0	45116.0	58417.0	77882.0	109354.0	188283.0	461591.0	2808501.0	308754.0
	11.0	12.0	13.0	14.0	15.0	16.0	17.0	18.0	19.0	20.0	21.0	22.0	23.0	24.0	25.0	26.0	27.0	28.0	29.0	30.0	31.0	32.0	33.0	34.0	35.0	36.0	37.0
Lle-CNas_010.2	1.0	40.0	497.0	1664.0	2916.0	3615.0	3978.0	4499.0	5401.0	6975.0	9461.0	12215.0	14223.0	15695.0	17847.0	21356.0	27090.0	34961.0	47063.0	59792.0	71813.0	88606.0	126524.0	232613.0	681754.0	2590960.0	113994.0
	14.0	15.0	16.0	17.0	18.0	19.0	20.0	21.0	22.0	23.0	24.0	25.0	26.0	27.0	28.0	29.0	30.0	31.0	32.0	33.0	34.0	35.0	36.0	37.0
Lle-CNas_011.1	5.0	101.0	291.0	620.0	1047.0	1534.0	2182.0	3147.0	4498.0	6100.0	8249.0	10939.0	14706.0	19375.0	25782.0	33989.0	44637.0	59255.0	89484.0	177282.0	285767.0	440295.0	2348854.0	241928.0
	12.0	13.0	14.0	15.0	16.0	17.0	18.0	19.0	20.0	21.0	22.0	23.0	24.0	25.0	26.0	27.0	28.0	29.0	30.0	31.0	32.0	33.0	34.0	35.0	36.0	37.0
Lle-CNas_011.2	40.0	402.0	1519.0	2652.0	3274.0	3619.0	4117.0	4967.0	6790.0	8808.0	11755.0	13974.0	16482.0	19406.0	23672.0	32524.0	47312.0	65025.0	74178.0	74210.0	84590.0	122954.0	226577.0	645916.0	2230770.0	94534.0
	14.0	15.0	16.0	17.0	18.0	19.0	20.0	21.0	22.0	23.0	24.0	25.0	26.0	27.0	28.0	29.0	30.0	31.0	32.0	33.0	34.0	35.0	36.0	37.0
Lle-CNas_012.1	16.0	118.0	482.0	997.0	1750.0	2527.0	3486.0	5037.0	6952.0	9155.0	12274.0	15668.0	20686.0	27632.0	36656.0	48562.0	63927.0	83989.0	113052.0	169200.0	307751.0	674559.0	3936286.0	415265.0
	12.0	13.0	14.0	15.0	16.0	17.0	18.0	19.0	20.0	21.0	22.0	23.0	24.0	25.0	26.0	27.0	28.0	29.0	30.0	31.0	32.0	33.0	34.0	35.0	36.0	37.0
Lle-CNas_012.2	54.0	815.0	2852.0	5042.0	6383.0	6911.0	7759.0	9348.0	12098.0	16396.0	20922.0	23927.0	26167.0	29748.0	35961.0	45103.0	58488.0	77489.0	96099.0	115302.0	150504.0	228737.0	439476.0	1254478.0	3199603.0	86365.0
	14.0	15.0	16.0	17.0	18.0	19.0	20.0	21.0	22.0	23.0	24.0	25.0	26.0	27.0	28.0	29.0	30.0	31.0	32.0	33.0	34.0	35.0	36.0	37.0
Lle-CNas_013.1	8.0	64.0	211.0	484.0	896.0	1355.0	2046.0	2709.0	3834.0	5169.0	6835.0	9142.0	12463.0	16989.0	22696.0	30598.0	40726.0	54736.0	86223.0	162924.0	238738.0	436003.0	2274914.0	233986.0
	11.0	12.0	13.0	14.0	15.0	16.0	17.0	18.0	19.0	20.0	21.0	22.0	23.0	24.0	25.0	26.0	27.0	28.0	29.0	30.0	31.0	32.0	33.0	34.0	35.0	36.0	37.0
Lle-CNas_013.2	1.0	27.0	274.0	904.0	1634.0	2090.0	2374.0	2741.0	3502.0	4699.0	6393.0	8354.0	9944.0	11767.0	13828.0	17415.0	22474.0	30007.0	40273.0	51292.0	62496.0	80930.0	122196.0	238663.0	708968.0	2131420.0	69083.0
	13.0	14.0	15.0	16.0	17.0	18.0	19.0	20.0	21.0	22.0	23.0	24.0	25.0	26.0	27.0	28.0	29.0	30.0	31.0	32.0	33.0	34.0	35.0	36.0	37.0
Lle-CNas_014.1	1.0	18.0	130.0	442.0	997.0	1656.0	2468.0	3488.0	4880.0	6894.0	9436.0	12644.0	16808.0	22430.0	30393.0	41121.0	54534.0	71843.0	94142.0	126068.0	178585.0	306409.0	734368.0	4864754.0	552494.0
	12.0	13.0	14.0	15.0	16.0	17.0	18.0	19.0	20.0	21.0	22.0	23.0	24.0	25.0	26.0	27.0	28.0	29.0	30.0	31.0	32.0	33.0	34.0	35.0	36.0	37.0
Lle-CNas_014.2	38.0	492.0	1737.0	3271.0	4158.0	4767.0	5438.0	6775.0	9014.0	12109.0	15747.0	18679.0	21655.0	25319.0	31637.0	39435.0	51642.0	66069.0	82581.0	104835.0	143415.0	216667.0	411628.0	1236385.0	4445991.0	177519.0
	13.0	14.0	15.0	16.0	17.0	18.0	19.0	20.0	21.0	22.0	23.0	24.0	25.0	26.0	27.0	28.0	29.0	30.0	31.0	32.0	33.0	34.0	35.0	36.0	37.0
Lle-CNas_015.1	1.0	16.0	101.0	339.0	775.0	1241.0	1899.0	2708.0	3808.0	5067.0	6959.0	9282.0	12508.0	16885.0	22445.0	29558.0	39522.0	50809.0	66671.0	90342.0	139469.0	256792.0	564945.0	3014770.0	246649.0
	12.0	13.0	14.0	15.0	16.0	17.0	18.0	19.0	20.0	21.0	22.0	23.0	24.0	25.0	26.0	27.0	28.0	29.0	30.0	31.0	32.0	33.0	34.0	35.0	36.0	37.0
Lle-CNas_015.2	48.0	476.0	1733.0	2878.0	3527.0	3735.0	4310.0	5438.0	6845.0	9606.0	12551.0	14564.0	17088.0	20090.0	24693.0	30983.0	40130.0	52639.0	64967.0	77826.0	102409.0	156081.0	296737.0	892355.0	2653429.0	88423.0
	14.0	15.0	16.0	17.0	18.0	19.0	20.0	21.0	22.0	23.0	24.0	25.0	26.0	27.0	28.0	29.0	30.0	31.0	32.0	33.0	34.0	35.0	36.0	37.0
Lle-CNas_016.1	11.0	147.0	514.0	1136.0	1852.0	2756.0	3856.0	5483.0	7521.0	10154.0	13346.0	17250.0	22954.0	30731.0	40639.0	54113.0	70884.0	91770.0	121872.0	173547.0	309405.0	793184.0	4488124.0	465701.0
	11.0	12.0	13.0	14.0	15.0	16.0	17.0	18.0	19.0	20.0	21.0	22.0	23.0	24.0	25.0	26.0	27.0	28.0	29.0	30.0	31.0	32.0	33.0	34.0	35.0	36.0	37.0
Lle-CNas_016.2	1.0	99.0	1144.0	3814.0	6385.0	7383.0	7782.0	8357.0	9812.0	13082.0	17864.0	23356.0	27307.0	29336.0	33292.0	39819.0	52575.0	75407.0	102833.0	114941.0	116760.0	136535.0	196983.0	359583.0	1052196.0	4092211.0	198093.0
	12.0	13.0	14.0	15.0	16.0	17.0	18.0	19.0	20.0	21.0	22.0	23.0	24.0	25.0	26.0	27.0	28.0	29.0	30.0	31.0	32.0	33.0	34.0	35.0	36.0	37.0
Lle-CNas_017.1	1.0	1.0	38.0	269.0	934.0	2136.0	3456.0	5489.0	7781.0	10951.0	15551.0	21179.0	28141.0	37016.0	47777.0	62364.0	81591.0	106445.0	137586.0	178315.0	243324.0	395754.0	784816.0	1591759.0	7347165.0	599490.0
	11.0	12.0	13.0	14.0	15.0	16.0	17.0	18.0	19.0	20.0	21.0	22.0	23.0	24.0	25.0	26.0	27.0	28.0	29.0	30.0	31.0	32.0	33.0	34.0	35.0	36.0	37.0
Lle-CNas_017.2	1.0	98.0	1189.0	4009.0	7096.0	8827.0	9776.0	11902.0	14564.0	19609.0	26710.0	34846.0	40887.0	46913.0	56470.0	72067.0	95531.0	125706.0	155002.0	178354.0	209371.0	274160.0	424531.0	849320.0	2496764.0	6356405.0	189221.0
	14.0	15.0	16.0	17.0	18.0	19.0	20.0	21.0	22.0	23.0	24.0	25.0	26.0	27.0	28.0	29.0	30.0	31.0	32.0	33.0	34.0	35.0	36.0	37.0
Lle-CNas_018.1	15.0	97.0	366.0	749.0	1395.0	2134.0	2964.0	4001.0	5632.0	7551.0	10280.0	13646.0	17902.0	23874.0	31983.0	42120.0	54252.0	72262.0	100292.0	167494.0	316804.0	591808.0	3154947.0	340617.0
	12.0	13.0	14.0	15.0	16.0	17.0	18.0	19.0	20.0	21.0	22.0	23.0	24.0	25.0	26.0	27.0	28.0	29.0	30.0	31.0	32.0	33.0	34.0	35.0	36.0	37.0
Lle-CNas_018.2	45.0	511.0	1613.0	2970.0	3730.0	4239.0	5083.0	6319.0	8539.0	11211.0	14134.0	16663.0	18869.0	22073.0	27209.0	35071.0	47649.0	65658.0	84402.0	96313.0	112873.0	160317.0	302755.0	894576.0	2916578.0	103785.0
	14.0	15.0	16.0	17.0	18.0	19.0	20.0	21.0	22.0	23.0	24.0	25.0	26.0	27.0	28.0	29.0	30.0	31.0	32.0	33.0	34.0	35.0	36.0	37.0
Lle-CNas_019.1	7.0	68.0	238.0	495.0	845.0	1219.0	1780.0	2541.0	3648.0	5119.0	7044.0	9147.0	12221.0	16343.0	21297.0	28870.0	37383.0	49435.0	69588.0	125299.0	231659.0	384667.0	2161190.0	256076.0
	11.0	12.0	13.0	14.0	15.0	16.0	17.0	18.0	19.0	20.0	21.0	22.0	23.0	24.0	25.0	26.0	27.0	28.0	29.0	30.0	31.0	32.0	33.0	34.0	35.0	36.0	37.0
Lle-CNas_019.2	1.0	27.0	351.0	1169.0	2116.0	2869.0	3207.0	3735.0	4443.0	6107.0	8084.0	10549.0	12192.0	14201.0	16770.0	21235.0	28673.0	39116.0	50116.0	57047.0	63640.0	77966.0	114634.0	218953.0	651619.0	1951763.0	65596.0
	14.0	15.0	16.0	17.0	18.0	19.0	20.0	21.0	22.0	23.0	24.0	25.0	26.0	27.0	28.0	29.0	30.0	31.0	32.0	33.0	34.0	35.0	36.0	37.0
Lle-CNas_020.1	9.0	89.0	345.0	760.0	1233.0	2016.0	2805.0	3974.0	5709.0	7788.0	10642.0	13993.0	18527.0	24191.0	31650.0	41963.0	54438.0	70576.0	98817.0	170449.0	310550.0	544480.0	3082925.0	340841.0
	11.0	12.0	13.0	14.0	15.0	16.0	17.0	18.0	19.0	20.0	21.0	22.0	23.0	24.0	25.0	26.0	27.0	28.0	29.0	30.0	31.0	32.0	33.0	34.0	35.0	36.0	37.0
Lle-CNas_020.2	1.0	58.0	548.0	1795.0	3215.0	4065.0	4384.0	5053.0	6045.0	7777.0	10583.0	13755.0	16590.0	19233.0	22289.0	27298.0	34924.0	46752.0	64804.0	81132.0	90785.0	107670.0	154151.0	283458.0	816142.0	2892321.0	123942.0
	13.0	14.0	15.0	16.0	17.0	18.0	19.0	20.0	21.0	22.0	23.0	24.0	25.0	26.0	27.0	28.0	29.0	30.0	31.0	32.0	33.0	34.0	35.0	36.0	37.0
Lle-CNas_021.1	1.0	22.0	171.0	630.0	1328.0	2285.0	3600.0	5210.0	7316.0	10340.0	14027.0	18873.0	24921.0	33000.0	43882.0	57814.0	76399.0	101105.0	136090.0	217166.0	411635.0	658889.0	1054367.0	5543160.0	547983.0
	11.0	12.0	13.0	14.0	15.0	16.0	17.0	18.0	19.0	20.0	21.0	22.0	23.0	24.0	25.0	26.0	27.0	28.0	29.0	30.0	31.0	32.0	33.0	34.0	35.0	36.0	37.0
Lle-CNas_021.2	1.0	82.0	893.0	3258.0	5968.0	7645.0	8610.0	10089.0	12215.0	15988.0	22300.0	29308.0	33983.0	37944.0	43989.0	55119.0	74021.0	102708.0	134617.0	153364.0	165103.0	199353.0	293159.0	555150.0	1638077.0	5189906.0	177364.0
	14.0	15.0	16.0	17.0	18.0	19.0	20.0	21.0	22.0	23.0	24.0	25.0	26.0	27.0	28.0	29.0	30.0	31.0	32.0	33.0	34.0	35.0	36.0	37.0
Lle-CNas_022.1	12.0	112.0	335.0	738.0	1229.0	1826.0	2643.0	3731.0	5157.0	6920.0	9184.0	12491.0	16515.0	22232.0	29572.0	39206.0	50814.0	66762.0	88812.0	126301.0	221673.0	558077.0	3271431.0	351445.0
	11.0	12.0	13.0	14.0	15.0	16.0	17.0	18.0	19.0	20.0	21.0	22.0	23.0	24.0	25.0	26.0	27.0	28.0	29.0	30.0	31.0	32.0	33.0	34.0	35.0	36.0	37.0
Lle-CNas_022.2	1.0	39.0	467.0	1530.0	2707.0	3427.0	4027.0	4533.0	5713.0	7517.0	10328.0	13377.0	15637.0	17526.0	20609.0	25492.0	34020.0	47114.0	63048.0	76617.0	85825.0	103823.0	149379.0	277984.0	828736.0	2966285.0	121457.0
	14.0	15.0	16.0	17.0	18.0	19.0	20.0	21.0	22.0	23.0	24.0	25.0	26.0	27.0	28.0	29.0	30.0	31.0	32.0	33.0	34.0	35.0	36.0	37.0
Lle-CNas_023.1	15.0	153.0	526.0	1183.0	2171.0	3131.0	4425.0	6067.0	8281.0	11258.0	14939.0	19933.0	26225.0	34806.0	47043.0	63168.0	82235.0	108711.0	147270.0	224539.0	425136.0	908326.0	5115402.0	548576.0
	11.0	12.0	13.0	14.0	15.0	16.0	17.0	18.0	19.0	20.0	21.0	22.0	23.0	24.0	25.0	26.0	27.0	28.0	29.0	30.0	31.0	32.0	33.0	34.0	35.0	36.0	37.0
Lle-CNas_023.2	2.0	119.0	1318.0	4233.0	7383.0	9156.0	10046.0	10706.0	12341.0	15839.0	21276.0	27286.0	31419.0	33844.0	38064.0	46539.0	60058.0	78932.0	102505.0	123086.0	146236.0	189494.0	286104.0	552221.0	1584055.0	4279269.0	131988.0
	14.0	15.0	16.0	17.0	18.0	19.0	20.0	21.0	22.0	23.0	24.0	25.0	26.0	27.0	28.0	29.0	30.0	31.0	32.0	33.0	34.0	35.0	36.0	37.0
Lle-CNas_024.1	12.0	98.0	331.0	691.0	1154.0	1640.0	2384.0	3183.0	4297.0	5967.0	8293.0	11432.0	15239.0	20517.0	26724.0	36163.0	46712.0	61187.0	81663.0	115625.0	201837.0	490854.0	3026645.0	314212.0
	12.0	13.0	14.0	15.0	16.0	17.0	18.0	19.0	20.0	21.0	22.0	23.0	24.0	25.0	26.0	27.0	28.0	29.0	30.0	31.0	32.0	33.0	34.0	35.0	36.0	37.0
Lle-CNas_024.2	37.0	384.0	1435.0	2374.0	2995.0	3170.0	3595.0	4507.0	5909.0	7985.0	10758.0	12466.0	14570.0	16816.0	20264.0	25569.0	33226.0	44346.0	55050.0	67300.0	87992.0	131063.0	244630.0	730463.0	2820913.0	129043.0
	13.0	14.0	15.0	16.0	17.0	18.0	19.0	20.0	21.0	22.0	23.0	24.0	25.0	26.0	27.0	28.0	29.0	30.0	31.0	32.0	33.0	34.0	35.0	36.0	37.0
Lle-CNas_025.1	1.0	18.0	82.0	335.0	746.0	1299.0	1956.0	2902.0	3915.0	5487.0	7430.0	9901.0	13105.0	16920.0	22940.0	30781.0	41061.0	53980.0	71068.0	95135.0	134802.0	232667.0	570435.0	3508823.0	376538.0
	12.0	13.0	14.0	15.0	16.0	17.0	18.0	19.0	20.0	21.0	22.0	23.0	24.0	25.0	26.0	27.0	28.0	29.0	30.0	31.0	32.0	33.0	34.0	35.0	36.0	37.0
Lle-CNas_025.2	50.0	432.0	1527.0	2623.0	3395.0	3877.0	4565.0	5509.0	7337.0	9825.0	12885.0	15198.0	17747.0	20896.0	25622.0	32855.0	44309.0	58628.0	73388.0	88765.0	114162.0	168475.0	314384.0	921267.0	3133651.0	120955.0
	13.0	14.0	15.0	16.0	17.0	18.0	19.0	20.0	21.0	22.0	23.0	24.0	25.0	26.0	27.0	28.0	29.0	30.0	31.0	32.0	33.0	34.0	35.0	36.0	37.0
Lle-CNas_026.1	1.0	8.0	41.0	123.0	288.0	488.0	845.0	1180.0	1661.0	2300.0	3121.0	4281.0	5745.0	7317.0	9215.0	11945.0	15486.0	19949.0	26344.0	37946.0	71384.0	134519.0	200552.0	981054.0	104371.0
	11.0	12.0	13.0	14.0	15.0	16.0	17.0	18.0	19.0	20.0	21.0	22.0	23.0	24.0	25.0	26.0	27.0	28.0	29.0	30.0	31.0	32.0	33.0	34.0	35.0	36.0	37.0
Lle-CNas_026.2	1.0	11.0	195.0	764.0	1245.0	1572.0	1747.0	2029.0	2402.0	3272.0	4380.0	5830.0	6928.0	8106.0	9456.0	11676.0	15546.0	22619.0	32404.0	38121.0	36312.0	38605.0	53399.0	96934.0	275957.0	931565.0	39088.0
	14.0	15.0	16.0	17.0	18.0	19.0	20.0	21.0	22.0	23.0	24.0	25.0	26.0	27.0	28.0	29.0	30.0	31.0	32.0	33.0	34.0	35.0	36.0	37.0
Lle-CNas_027.1	15.0	84.0	310.0	693.0	1122.0	1741.0	2349.0	3420.0	4550.0	6083.0	8003.0	10579.0	14166.0	18408.0	24887.0	33406.0	43955.0	57861.0	77127.0	109090.0	189442.0	483793.0	2865194.0	313993.0
	12.0	13.0	14.0	15.0	16.0	17.0	18.0	19.0	20.0	21.0	22.0	23.0	24.0	25.0	26.0	27.0	28.0	29.0	30.0	31.0	32.0	33.0	34.0	35.0	36.0	37.0
Lle-CNas_027.2	40.0	439.0	1385.0	2491.0	3239.0	3581.0	4313.0	5372.0	7178.0	9636.0	12456.0	14657.0	16651.0	20011.0	24823.0	33403.0	46656.0	64312.0	78413.0	86330.0	102645.0	145381.0	269394.0	778786.0	2449252.0	89427.0
	13.0	14.0	15.0	16.0	17.0	18.0	19.0	20.0	21.0	22.0	23.0	24.0	25.0	26.0	27.0	28.0	29.0	30.0	31.0	32.0	33.0	34.0	35.0	36.0	37.0
Lle-CNas_028.1	2.0	16.0	116.0	398.0	819.0	1377.0	2070.0	2834.0	3947.0	5431.0	7148.0	9727.0	12773.0	17088.0	23123.0	31072.0	42418.0	55805.0	73386.0	99219.0	140925.0	245511.0	615181.0	3757818.0	392636.0
	11.0	12.0	13.0	14.0	15.0	16.0	17.0	18.0	19.0	20.0	21.0	22.0	23.0	24.0	25.0	26.0	27.0	28.0	29.0	30.0	31.0	32.0	33.0	34.0	35.0	36.0	37.0
Lle-CNas_028.2	1.0	50.0	526.0	1746.0	3213.0	4051.0	4379.0	5349.0	6375.0	8366.0	11504.0	14717.0	17112.0	19375.0	22691.0	27715.0	36395.0	49381.0	66892.0	84042.0	97976.0	123342.0	181951.0	345992.0	1018076.0	3269490.0	120133.0
	14.0	15.0	16.0	17.0	18.0	19.0	20.0	21.0	22.0	23.0	24.0	25.0	26.0	27.0	28.0	29.0	30.0	31.0	32.0	33.0	34.0	35.0	36.0	37.0
Lle-CNas_029.1	9.0	60.0	232.0	498.0	875.0	1366.0	1877.0	2558.0	3536.0	4846.0	6470.0	8800.0	11581.0	15436.0	20154.0	26512.0	35278.0	45723.0	63156.0	102134.0	197832.0	376951.0	2119039.0	239573.0
	11.0	12.0	13.0	14.0	15.0	16.0	17.0	18.0	19.0	20.0	21.0	22.0	23.0	24.0	25.0	26.0	27.0	28.0	29.0	30.0	31.0	32.0	33.0	34.0	35.0	36.0	37.0
Lle-CNas_029.2	2.0	26.0	295.0	1011.0	1924.0	2439.0	2685.0	2957.0	3800.0	5155.0	6927.0	9085.0	10482.0	11996.0	13940.0	17217.0	21722.0	29817.0	41686.0	55163.0	63833.0	74482.0	102103.0	184909.0	542468.0	1994947.0	83425.0
	13.0	14.0	15.0	16.0	17.0	18.0	19.0	20.0	21.0	22.0	23.0	24.0	25.0	26.0	27.0	28.0	29.0	30.0	31.0	32.0	33.0	34.0	35.0	36.0	37.0
Lle-CNas_030.1	1.0	14.0	122.0	406.0	873.0	1467.0	2152.0	2991.0	4329.0	6038.0	8360.0	11520.0	15262.0	19913.0	26271.0	35014.0	46865.0	61057.0	80715.0	113976.0	197292.0	354088.0	640773.0	3653705.0	408605.0
	12.0	13.0	14.0	15.0	16.0	17.0	18.0	19.0	20.0	21.0	22.0	23.0	24.0	25.0	26.0	27.0	28.0	29.0	30.0	31.0	32.0	33.0	34.0	35.0	36.0	37.0
Lle-CNas_030.2	55.0	726.0	2571.0	4331.0	5285.0	5856.0	6354.0	7591.0	10041.0	13558.0	17837.0	20604.0	22698.0	26279.0	31685.0	40485.0	53469.0	71038.0	87800.0	103552.0	130418.0	192065.0	362052.0	1067443.0	3294671.0	113345.0
	14.0	15.0	16.0	17.0	18.0	19.0	20.0	21.0	22.0	23.0	24.0	25.0	26.0	27.0	28.0	29.0	30.0	31.0	32.0	33.0	34.0	35.0	36.0	37.0
Lle-CNas_031.1	8.0	41.0	145.0	364.0	632.0	899.0	1279.0	1822.0	2570.0	3669.0	5002.0	6595.0	8443.0	11451.0	15180.0	20072.0	25483.0	33270.0	44144.0	62110.0	109852.0	294705.0	1573123.0	162710.0
	12.0	13.0	14.0	15.0	16.0	17.0	18.0	19.0	20.0	21.0	22.0	23.0	24.0	25.0	26.0	27.0	28.0	29.0	30.0	31.0	32.0	33.0	34.0	35.0	36.0	37.0
Lle-CNas_031.2	17.0	295.0	988.0	1603.0	1965.0	2230.0	2594.0	3257.0	4304.0	5961.0	7622.0	9199.0	10427.0	12367.0	15829.0	21910.0	34110.0	49631.0	55812.0	49695.0	49738.0	67809.0	121602.0	351151.0	1430436.0	73017.0
	14.0	15.0	16.0	17.0	18.0	19.0	20.0	21.0	22.0	23.0	24.0	25.0	26.0	27.0	28.0	29.0	30.0	31.0	32.0	33.0	34.0	35.0	36.0	37.0
Lle-CNas_032.1	9.0	69.0	290.0	690.0	1091.0	1746.0	2267.0	3204.0	4375.0	6068.0	8254.0	11267.0	14919.0	20162.0	27019.0	36383.0	47676.0	63872.0	89303.0	154666.0	280276.0	525790.0	3032154.0	330868.0
	12.0	13.0	14.0	15.0	16.0	17.0	18.0	19.0	20.0	21.0	22.0	23.0	24.0	25.0	26.0	27.0	28.0	29.0	30.0	31.0	32.0	33.0	34.0	35.0	36.0	37.0
Lle-CNas_032.2	44.0	462.0	1580.0	2850.0	3360.0	3684.0	4050.0	5040.0	6906.0	9170.0	11944.0	14092.0	16013.0	18494.0	22935.0	28712.0	38051.0	51718.0	67770.0	83464.0	105211.0	152959.0	295051.0	895639.0	2736497.0	86722.0
	13.0	14.0	15.0	16.0	17.0	18.0	19.0	20.0	21.0	22.0	23.0	24.0	25.0	26.0	27.0	28.0	29.0	30.0	31.0	32.0	33.0	34.0	35.0	36.0	37.0
Lle-CNas_033.1	1.0	33.0	225.0	878.0	2036.0	3535.0	5453.0	7955.0	10821.0	15278.0	21288.0	28833.0	38687.0	50634.0	66236.0	86475.0	112707.0	146437.0	194327.0	310522.0	562976.0	833959.0	1511976.0	7687344.0	714755.0
	11.0	12.0	13.0	14.0	15.0	16.0	17.0	18.0	19.0	20.0	21.0	22.0	23.0	24.0	25.0	26.0	27.0	28.0	29.0	30.0	31.0	32.0	33.0	34.0	35.0	36.0	37.0
Lle-CNas_033.2	3.0	109.0	1657.0	5679.0	9877.0	11991.0	12810.0	14171.0	16885.0	21630.0	30192.0	39681.0	47303.0	53236.0	60267.0	71532.0	89330.0	115750.0	150370.0	178204.0	205707.0	261967.0	386624.0	710332.0	2051547.0	7532857.0	333660.0
	13.0	14.0	15.0	16.0	17.0	18.0	19.0	20.0	21.0	22.0	23.0	24.0	25.0	26.0	27.0	28.0	29.0	30.0	31.0	32.0	33.0	34.0	35.0	36.0	37.0
Lle-CNas_034.1	1.0	6.0	65.0	271.0	644.0	1082.0	1705.0	2380.0	3135.0	4492.0	6020.0	8145.0	10569.0	14204.0	19202.0	25459.0	33504.0	44124.0	58001.0	77990.0	108880.0	184870.0	450294.0	2840683.0	309227.0
	11.0	12.0	13.0	14.0	15.0	16.0	17.0	18.0	19.0	20.0	21.0	22.0	23.0	24.0	25.0	26.0	27.0	28.0	29.0	30.0	31.0	32.0	33.0	34.0	35.0	36.0	37.0
Lle-CNas_034.2	1.0	19.0	343.0	1202.0	2061.0	2685.0	2807.0	3451.0	4136.0	5429.0	7476.0	10002.0	11843.0	13919.0	16715.0	20651.0	26806.0	35736.0	46716.0	57566.0	68093.0	87853.0	131672.0	245354.0	718212.0	2577491.0	106714.0
	13.0	14.0	15.0	16.0	17.0	18.0	19.0	20.0	21.0	22.0	23.0	24.0	25.0	26.0	27.0	28.0	29.0	30.0	31.0	32.0	33.0	34.0	35.0	36.0	37.0
Lle-CNas_035.1	1.0	14.0	124.0	488.0	1197.0	1982.0	3059.0	4303.0	5850.0	8225.0	11229.0	14901.0	19466.0	26580.0	35073.0	46512.0	62270.0	80784.0	105284.0	142418.0	206531.0	378219.0	870680.0	4866590.0	517273.0
	11.0	12.0	13.0	14.0	15.0	16.0	17.0	18.0	19.0	20.0	21.0	22.0	23.0	24.0	25.0	26.0	27.0	28.0	29.0	30.0	31.0	32.0	33.0	34.0	35.0	36.0	37.0
Lle-CNas_035.2	2.0	79.0	1019.0	3874.0	7369.0	8935.0	9560.0	10714.0	12662.0	16747.0	22436.0	29174.0	34057.0	37874.0	44125.0	54360.0	71479.0	100508.0	141150.0	168595.0	174580.0	204023.0	300329.0	562372.0	1512136.0	3772205.0	108689.0
	14.0	15.0	16.0	17.0	18.0	19.0	20.0	21.0	22.0	23.0	24.0	25.0	26.0	27.0	28.0	29.0	30.0	31.0	32.0	33.0	34.0	35.0	36.0	37.0
Lle-CNas_036.1	9.0	95.0	355.0	820.0	1326.0	1982.0	2891.0	3935.0	5703.0	7702.0	10373.0	13649.0	18519.0	24676.0	32924.0	44097.0	57049.0	74637.0	100156.0	140601.0	242182.0	585856.0	3653631.0	373512.0
	12.0	13.0	14.0	15.0	16.0	17.0	18.0	19.0	20.0	21.0	22.0	23.0	24.0	25.0	26.0	27.0	28.0	29.0	30.0	31.0	32.0	33.0	34.0	35.0	36.0	37.0
Lle-CNas_036.2	43.0	486.0	1606.0	2722.0	3263.0	3643.0	4235.0	5199.0	6836.0	9451.0	12618.0	15167.0	17178.0	20018.0	24157.0	29869.0	38108.0	48651.0	61652.0	77570.0	105580.0	157636.0	293343.0	867712.0	3428177.0	161760.0
	12.0	13.0	14.0	15.0	16.0	17.0	18.0	19.0	20.0	21.0	22.0	23.0	24.0	25.0	26.0	27.0	28.0	29.0	30.0	31.0	32.0	33.0	34.0	35.0	36.0	37.0
Lle-CNas_037.1	1.0	0.0	16.0	92.0	407.0	952.0	1562.0	2364.0	3265.0	4683.0	6685.0	9139.0	12539.0	16797.0	21631.0	28762.0	37674.0	50042.0	65363.0	85867.0	123865.0	221684.0	383646.0	676653.0	3707872.0	423233.0
	11.0	12.0	13.0	14.0	15.0	16.0	17.0	18.0	19.0	20.0	21.0	22.0	23.0	24.0	25.0	26.0	27.0	28.0	29.0	30.0	31.0	32.0	33.0	34.0	35.0	36.0	37.0
Lle-CNas_037.2	1.0	62.0	601.0	2274.0	4038.0	5298.0	5878.0	6711.0	7912.0	10428.0	13950.0	18104.0	21545.0	24377.0	28408.0	34712.0	45217.0	61254.0	81440.0	95038.0	107003.0	133994.0	198481.0	378677.0	1114268.0	3372939.0	112184.0
	13.0	14.0	15.0	16.0	17.0	18.0	19.0	20.0	21.0	22.0	23.0	24.0	25.0	26.0	27.0	28.0	29.0	30.0	31.0	32.0	33.0	34.0	35.0	36.0	37.0
Lle-CNas_038.1	1.0	10.0	173.0	626.0	1289.0	2186.0	3460.0	5053.0	7039.0	9910.0	13263.0	17725.0	23353.0	30938.0	40590.0	53482.0	70595.0	91710.0	120335.0	172622.0	310788.0	522975.0	923557.0	4884157.0	521153.0
	11.0	12.0	13.0	14.0	15.0	16.0	17.0	18.0	19.0	20.0	21.0	22.0	23.0	24.0	25.0	26.0	27.0	28.0	29.0	30.0	31.0	32.0	33.0	34.0	35.0	36.0	37.0
Lle-CNas_038.2	2.0	85.0	1022.0	3392.0	5946.0	7463.0	8140.0	9307.0	10857.0	14391.0	19341.0	25156.0	29826.0	33371.0	38933.0	46811.0	59819.0	77387.0	103400.0	131090.0	155534.0	193501.0	281191.0	538656.0	1546317.0	4351878.0	134174.0
	14.0	15.0	16.0	17.0	18.0	19.0	20.0	21.0	22.0	23.0	24.0	25.0	26.0	27.0	28.0	29.0	30.0	31.0	32.0	33.0	34.0	35.0	36.0	37.0
Lle-CNas_039.1	11.0	117.0	350.0	810.0	1408.0	2074.0	3092.0	4208.0	5678.0	7408.0	9782.0	12871.0	16906.0	22773.0	29973.0	39512.0	52126.0	67981.0	90431.0	126603.0	213393.0	512410.0	3257525.0	343704.0
	11.0	12.0	13.0	14.0	15.0	16.0	17.0	18.0	19.0	20.0	21.0	22.0	23.0	24.0	25.0	26.0	27.0	28.0	29.0	30.0	31.0	32.0	33.0	34.0	35.0	36.0	37.0
Lle-CNas_039.2	1.0	51.0	554.0	1817.0	3250.0	4078.0	4344.0	4977.0	5939.0	8009.0	10703.0	14033.0	16377.0	19116.0	22151.0	26694.0	34360.0	45185.0	59286.0	73295.0	85697.0	111533.0	165610.0	306089.0	867527.0	2821015.0	109455.0
	13.0	14.0	15.0	16.0	17.0	18.0	19.0	20.0	21.0	22.0	23.0	24.0	25.0	26.0	27.0	28.0	29.0	30.0	31.0	32.0	33.0	34.0	35.0	36.0	37.0
Lle-CNas_040.1	1.0	22.0	111.0	502.0	1143.0	1886.0	2793.0	4081.0	5734.0	8010.0	10840.0	14322.0	19116.0	24756.0	33230.0	43116.0	57408.0	73396.0	95177.0	126865.0	179285.0	326526.0	822951.0	4466588.0	492776.0
	12.0	13.0	14.0	15.0	16.0	17.0	18.0	19.0	20.0	21.0	22.0	23.0	24.0	25.0	26.0	27.0	28.0	29.0	30.0	31.0	32.0	33.0	34.0	35.0	36.0	37.0
Lle-CNas_040.2	85.0	733.0	2452.0	4079.0	5087.0	5820.0	6293.0	7567.0	10238.0	13786.0	17576.0	20749.0	23614.0	28029.0	34311.0	44137.0	59629.0	81011.0	101892.0	117681.0	143908.0	206480.0	385600.0	1156885.0	4154526.0	178467.0
	13.0	14.0	15.0	16.0	17.0	18.0	19.0	20.0	21.0	22.0	23.0	24.0	25.0	26.0	27.0	28.0	29.0	30.0	31.0	32.0	33.0	34.0	35.0	36.0	37.0
Lle-CNas_041.1	1.0	13.0	140.0	560.0	1229.0	2066.0	3117.0	4665.0	6390.0	8742.0	11625.0	15252.0	19485.0	25116.0	32919.0	43001.0	55457.0	71390.0	91644.0	121198.0	168682.0	301513.0	731331.0	4094200.0	443998.0
	11.0	12.0	13.0	14.0	15.0	16.0	17.0	18.0	19.0	20.0	21.0	22.0	23.0	24.0	25.0	26.0	27.0	28.0	29.0	30.0	31.0	32.0	33.0	34.0	35.0	36.0	37.0
Lle-CNas_041.2	1.0	60.0	719.0	2288.0	3876.0	4762.0	5375.0	6176.0	7696.0	9857.0	13649.0	17589.0	20572.0	23198.0	27007.0	32952.0	40703.0	51729.0	65994.0	81676.0	100210.0	133912.0	203643.0	394387.0	1166424.0	3707581.0	131698.0
	14.0	15.0	16.0	17.0	18.0	19.0	20.0	21.0	22.0	23.0	24.0	25.0	26.0	27.0	28.0	29.0	30.0	31.0	32.0	33.0	34.0	35.0	36.0	37.0
Lle-CNas_042.1	34.0	232.0	855.0	1655.0	3070.0	4458.0	6397.0	8958.0	12542.0	17005.0	22468.0	30006.0	38516.0	50845.0	66018.0	86590.0	110925.0	142934.0	192312.0	293256.0	542596.0	1176780.0	5957652.0	492430.0
	11.0	12.0	13.0	14.0	15.0	16.0	17.0	18.0	19.0	20.0	21.0	22.0	23.0	24.0	25.0	26.0	27.0	28.0	29.0	30.0	31.0	32.0	33.0	34.0	35.0	36.0	37.0
Lle-CNas_042.2	2.0	100.0	1138.0	3837.0	6971.0	8326.0	9270.0	10368.0	12903.0	16641.0	22555.0	29486.0	35445.0	40820.0	48384.0	58928.0	74734.0	99113.0	125405.0	144948.0	167205.0	215272.0	321498.0	596531.0	1707260.0	5306290.0	195104.0
	14.0	15.0	16.0	17.0	18.0	19.0	20.0	21.0	22.0	23.0	24.0	25.0	26.0	27.0	28.0	29.0	30.0	31.0	32.0	33.0	34.0	35.0	36.0	37.0
Lle-CNas_043.1	2.0	27.0	95.0	203.0	376.0	578.0	821.0	1141.0	1594.0	2170.0	2768.0	3740.0	5038.0	6534.0	8629.0	11789.0	15412.0	20006.0	27052.0	38260.0	67191.0	170358.0	1018502.0	107514.0
	12.0	13.0	14.0	15.0	16.0	17.0	18.0	19.0	20.0	21.0	22.0	23.0	24.0	25.0	26.0	27.0	28.0	29.0	30.0	31.0	32.0	33.0	34.0	35.0	36.0	37.0
Lle-CNas_043.2	12.0	151.0	508.0	832.0	984.0	1182.0	1382.0	1779.0	2236.0	3075.0	4105.0	4610.0	5099.0	5989.0	7353.0	9315.0	12663.0	17638.0	22345.0	25817.0	31948.0	45833.0	87792.0	264928.0	917090.0	35134.0
	14.0	15.0	16.0	17.0	18.0	19.0	20.0	21.0	22.0	23.0	24.0	25.0	26.0	27.0	28.0	29.0	30.0	31.0	32.0	33.0	34.0	35.0	36.0	37.0
Lle-CNas_044.1	22.0	109.0	397.0	924.0	1517.0	2286.0	3188.0	4443.0	6310.0	8570.0	11383.0	15273.0	19862.0	26321.0	35097.0	45413.0	58527.0	75775.0	99429.0	140080.0	243914.0	614358.0	3370710.0	365010.0
	12.0	13.0	14.0	15.0	16.0	17.0	18.0	19.0	20.0	21.0	22.0	23.0	24.0	25.0	26.0	27.0	28.0	29.0	30.0	31.0	32.0	33.0	34.0	35.0	36.0	37.0
Lle-CNas_044.2	41.0	609.0	2151.0	3677.0	4505.0	4965.0	5532.0	6794.0	8962.0	12052.0	15749.0	18422.0	21179.0	25291.0	31811.0	42396.0	61754.0	87804.0	104761.0	103313.0	113289.0	158531.0	289972.0	848435.0	3045241.0	131682.0
	14.0	15.0	16.0	17.0	18.0	19.0	20.0	21.0	22.0	23.0	24.0	25.0	26.0	27.0	28.0	29.0	30.0	31.0	32.0	33.0	34.0	35.0	36.0	37.0
Lle-CNas_045.1	13.0	149.0	519.0	1307.0	2274.0	3609.0	5113.0	7044.0	9873.0	13776.0	18378.0	24121.0	32115.0	42345.0	55189.0	73034.0	95880.0	128854.0	200642.0	373235.0	617335.0	990706.0	5188756.0	484855.0
	11.0	12.0	13.0	14.0	15.0	16.0	17.0	18.0	19.0	20.0	21.0	22.0	23.0	24.0	25.0	26.0	27.0	28.0	29.0	30.0	31.0	32.0	33.0	34.0	35.0	36.0	37.0
Lle-CNas_045.2	1.0	87.0	988.0	3322.0	6043.0	7740.0	8720.0	10065.0	11872.0	15926.0	21362.0	27718.0	32713.0	36435.0	42493.0	52029.0	66801.0	90817.0	125098.0	159268.0	179695.0	209296.0	297807.0	561376.0	1609137.0	4649691.0	142622.0
	14.0	15.0	16.0	17.0	18.0	19.0	20.0	21.0	22.0	23.0	24.0	25.0	26.0	27.0	28.0	29.0	30.0	31.0	32.0	33.0	34.0	35.0	36.0	37.0
Lle-CNas_046.1	13.0	87.0	310.0	730.0	1190.0	1886.0	2514.0	3560.0	4996.0	6830.0	9158.0	12060.0	16216.0	21365.0	29088.0	38654.0	50335.0	65358.0	86543.0	121576.0	204506.0	492009.0	3250223.0	381585.0
	12.0	13.0	14.0	15.0	16.0	17.0	18.0	19.0	20.0	21.0	22.0	23.0	24.0	25.0	26.0	27.0	28.0	29.0	30.0	31.0	32.0	33.0	34.0	35.0	36.0	37.0
Lle-CNas_046.2	42.0	485.0	1560.0	2720.0	3548.0	4057.0	4442.0	5441.0	7078.0	9572.0	12629.0	15226.0	17254.0	19968.0	24110.0	30080.0	38811.0	51663.0	65970.0	80956.0	105217.0	153762.0	284668.0	823775.0	2920940.0	116818.0
	14.0	15.0	16.0	17.0	18.0	19.0	20.0	21.0	22.0	23.0	24.0	25.0	26.0	27.0	28.0	29.0	30.0	31.0	32.0	33.0	34.0	35.0	36.0	37.0
Lle-CNas_047.1	6.0	82.0	301.0	670.0	1058.0	1603.0	2196.0	3171.0	4466.0	5943.0	7974.0	10429.0	13864.0	18403.0	24979.0	32770.0	42950.0	57223.0	76413.0	114523.0	222013.0	504488.0	2622815.0	268150.0
	11.0	12.0	13.0	14.0	15.0	16.0	17.0	18.0	19.0	20.0	21.0	22.0	23.0	24.0	25.0	26.0	27.0	28.0	29.0	30.0	31.0	32.0	33.0	34.0	35.0	36.0	37.0
Lle-CNas_047.2	1.0	43.0	573.0	2072.0	3711.0	4614.0	4833.0	5158.0	6250.0	8188.0	11098.0	14362.0	16458.0	18198.0	21064.0	26070.0	35509.0	50437.0	68180.0	79180.0	82336.0	94774.0	136012.0	254242.0	735337.0	2276136.0	81654.0
	13.0	14.0	15.0	16.0	17.0	18.0	19.0	20.0	21.0	22.0	23.0	24.0	25.0	26.0	27.0	28.0	29.0	30.0	31.0	32.0	33.0	34.0	35.0	36.0	37.0
Lle-CNas_048.1	1.0	12.0	77.0	339.0	705.0	1292.0	1830.0	2658.0	3540.0	5116.0	7040.0	9470.0	12693.0	16923.0	22505.0	30403.0	40826.0	54121.0	71333.0	102990.0	179310.0	298840.0	568819.0	3258511.0	364496.0
	11.0	12.0	13.0	14.0	15.0	16.0	17.0	18.0	19.0	20.0	21.0	22.0	23.0	24.0	25.0	26.0	27.0	28.0	29.0	30.0	31.0	32.0	33.0	34.0	35.0	36.0	37.0
Lle-CNas_048.2	1.0	48.0	444.0	1520.0	2776.0	3265.0	3716.0	4291.0	5231.0	6924.0	9392.0	12753.0	15102.0	17422.0	20183.0	25000.0	31945.0	42296.0	55745.0	69434.0	84449.0	110253.0	164349.0	312797.0	947069.0	3003922.0	103523.0
	14.0	15.0	16.0	17.0	18.0	19.0	20.0	21.0	22.0	23.0	24.0	25.0	26.0	27.0	28.0	29.0	30.0	31.0	32.0	33.0	34.0	35.0	36.0	37.0
Lle-CNas_049.1	7.0	67.0	213.0	485.0	818.0	1255.0	1794.0	2516.0	3404.0	4565.0	6204.0	8415.0	10915.0	14943.0	20024.0	27023.0	35594.0	46921.0	63307.0	89682.0	153616.0	373716.0	2438309.0	278733.0
	11.0	12.0	13.0	14.0	15.0	16.0	17.0	18.0	19.0	20.0	21.0	22.0	23.0	24.0	25.0	26.0	27.0	28.0	29.0	30.0	31.0	32.0	33.0	34.0	35.0	36.0	37.0
Lle-CNas_049.2	1.0	20.0	233.0	833.0	1541.0	2155.0	2538.0	3049.0	3758.0	4918.0	6835.0	8949.0	10370.0	11927.0	13996.0	17317.0	22847.0	29684.0	37057.0	44324.0	54362.0	73193.0	111598.0	213466.0	635821.0	2187308.0	84426.0
	14.0	15.0	16.0	17.0	18.0	19.0	20.0	21.0	22.0	23.0	24.0	25.0	26.0	27.0	28.0	29.0	30.0	31.0	32.0	33.0	34.0	35.0	36.0	37.0
Lle-CNas_050.1	13.0	89.0	357.0	758.0	1288.0	1920.0	2675.0	3679.0	5439.0	7005.0	9309.0	12406.0	16210.0	22077.0	29675.0	39779.0	52069.0	67867.0	91296.0	129524.0	221645.0	550525.0	3411745.0	380131.0
	12.0	13.0	14.0	15.0	16.0	17.0	18.0	19.0	20.0	21.0	22.0	23.0	24.0	25.0	26.0	27.0	28.0	29.0	30.0	31.0	32.0	33.0	34.0	35.0	36.0	37.0
Lle-CNas_050.2	24.0	427.0	1488.0	2753.0	3722.0	4272.0	5082.0	6211.0	8267.0	11321.0	14631.0	16878.0	18923.0	21981.0	27744.0	37516.0	50898.0	64058.0	73816.0	84334.0	107946.0	160483.0	300377.0	878791.0	3036048.0	119490.0
	13.0	14.0	15.0	16.0	17.0	18.0	19.0	20.0	21.0	22.0	23.0	24.0	25.0	26.0	27.0	28.0	29.0	30.0	31.0	32.0	33.0	34.0	35.0	36.0	37.0
Lle-CNas_051.1	1.0	6.0	68.0	293.0	607.0	1015.0	1553.0	2268.0	3096.0	4349.0	5963.0	7817.0	10478.0	13763.0	18789.0	24691.0	33610.0	43321.0	57178.0	77971.0	116591.0	205419.0	468213.0	2666174.0	224625.0
	11.0	12.0	13.0	14.0	15.0	16.0	17.0	18.0	19.0	20.0	21.0	22.0	23.0	24.0	25.0	26.0	27.0	28.0	29.0	30.0	31.0	32.0	33.0	34.0	35.0	36.0	37.0
Lle-CNas_051.2	2.0	38.0	345.0	1224.0	2046.0	2694.0	3066.0	3498.0	4308.0	5803.0	7767.0	10067.0	12309.0	14537.0	17396.0	21578.0	27604.0	35486.0	45967.0	57057.0	70748.0	95513.0	146767.0	278271.0	798217.0	2254252.0	71299.0
	13.0	14.0	15.0	16.0	17.0	18.0	19.0	20.0	21.0	22.0	23.0	24.0	25.0	26.0	27.0	28.0	29.0	30.0	31.0	32.0	33.0	34.0	35.0	36.0	37.0
Lle-CNas_052.1	1.0	5.0	47.0	182.0	389.0	597.0	915.0	1309.0	1855.0	2604.0	3510.0	4578.0	6086.0	7993.0	10400.0	13652.0	17691.0	23261.0	29992.0	40939.0	61653.0	116277.0	269705.0	1275436.0	109022.0
	12.0	13.0	14.0	15.0	16.0	17.0	18.0	19.0	20.0	21.0	22.0	23.0	24.0	25.0	26.0	27.0	28.0	29.0	30.0	31.0	32.0	33.0	34.0	35.0	36.0	37.0
Lle-CNas_052.2	32.0	279.0	869.0	1657.0	1981.0	2113.0	2473.0	3079.0	4031.0	5433.0	6913.0	8132.0	9070.0	10825.0	13439.0	17497.0	24869.0	34633.0	42654.0	47330.0	53719.0	73761.0	136692.0	387316.0	1075817.0	33485.0
	14.0	15.0	16.0	17.0	18.0	19.0	20.0	21.0	22.0	23.0	24.0	25.0	26.0	27.0	28.0	29.0	30.0	31.0	32.0	33.0	34.0	35.0	36.0	37.0
Lle-CNas_053.1	9.0	85.0	323.0	748.0	1224.0	1949.0	2751.0	3677.0	5218.0	6972.0	9284.0	11920.0	16157.0	21655.0	28816.0	38772.0	51054.0	66662.0	89246.0	126758.0	221075.0	534419.0	3421237.0	409572.0
	12.0	13.0	14.0	15.0	16.0	17.0	18.0	19.0	20.0	21.0	22.0	23.0	24.0	25.0	26.0	27.0	28.0	29.0	30.0	31.0	32.0	33.0	34.0	35.0	36.0	37.0
Lle-CNas_053.2	16.0	280.0	1127.0	2073.0	2809.0	3333.0	4061.0	5043.0	6714.0	9171.0	12009.0	14341.0	16265.0	19648.0	25227.0	33072.0	42939.0	52437.0	62130.0	77168.0	105104.0	162730.0	313816.0	935773.0	3052095.0	110202.0
	13.0	14.0	15.0	16.0	17.0	18.0	19.0	20.0	21.0	22.0	23.0	24.0	25.0	26.0	27.0	28.0	29.0	30.0	31.0	32.0	33.0	34.0	35.0	36.0	37.0
Lle-CNas_054.1	1.0	28.0	186.0	670.0	1482.0	2549.0	3729.0	5259.0	7528.0	10263.0	13839.0	18028.0	23281.0	29887.0	39274.0	50903.0	65968.0	84103.0	109322.0	142399.0	199050.0	350030.0	866516.0	4803680.0	562073.0
	11.0	12.0	13.0	14.0	15.0	16.0	17.0	18.0	19.0	20.0	21.0	22.0	23.0	24.0	25.0	26.0	27.0	28.0	29.0	30.0	31.0	32.0	33.0	34.0	35.0	36.0	37.0
Lle-CNas_054.2	1.0	66.0	791.0	2781.0	5293.0	6893.0	8035.0	9357.0	11637.0	14938.0	20001.0	25887.0	29473.0	33503.0	39844.0	51074.0	70783.0	99679.0	124289.0	133001.0	136270.0	163091.0	236631.0	443376.0	1291325.0	4269597.0	162432.0
	13.0	14.0	15.0	16.0	17.0	18.0	19.0	20.0	21.0	22.0	23.0	24.0	25.0	26.0	27.0	28.0	29.0	30.0	31.0	32.0	33.0	34.0	35.0	36.0	37.0
Lle-CNas_055.1	1.0	15.0	86.0	372.0	734.0	1243.0	1837.0	2610.0	3449.0	4694.0	6442.0	8442.0	10915.0	14439.0	19485.0	26038.0	34987.0	45448.0	59765.0	79471.0	113076.0	193813.0	478498.0	2952221.0	331991.0
	11.0	12.0	13.0	14.0	15.0	16.0	17.0	18.0	19.0	20.0	21.0	22.0	23.0	24.0	25.0	26.0	27.0	28.0	29.0	30.0	31.0	32.0	33.0	34.0	35.0	36.0	37.0
Lle-CNas_055.2	1.0	28.0	362.0	1251.0	2338.0	3054.0	3556.0	3967.0	5054.0	6576.0	8907.0	11814.0	14039.0	15528.0	18195.0	22649.0	29837.0	40521.0	53387.0	64433.0	74892.0	94921.0	141350.0	266959.0	789681.0	2619137.0	97635.0
	13.0	14.0	15.0	16.0	17.0	18.0	19.0	20.0	21.0	22.0	23.0	24.0	25.0	26.0	27.0	28.0	29.0	30.0	31.0	32.0	33.0	34.0	35.0	36.0	37.0
Lle-CNas_056.1	1.0	32.0	212.0	815.0	1751.0	3066.0	4684.0	6815.0	9540.0	13188.0	17795.0	23966.0	31328.0	40875.0	53189.0	70461.0	92655.0	120440.0	161656.0	246149.0	440296.0	703394.0	1189624.0	6361307.0	610747.0
	11.0	12.0	13.0	14.0	15.0	16.0	17.0	18.0	19.0	20.0	21.0	22.0	23.0	24.0	25.0	26.0	27.0	28.0	29.0	30.0	31.0	32.0	33.0	34.0	35.0	36.0	37.0
Lle-CNas_056.2	4.0	104.0	1028.0	3807.0	6699.0	8616.0	10065.0	11635.0	14307.0	18715.0	25628.0	33075.0	39682.0	45615.0	53530.0	65068.0	83891.0	112812.0	148834.0	178901.0	205163.0	251467.0	363009.0	673775.0	1909745.0	5745681.0	193130.0
	13.0	14.0	15.0	16.0	17.0	18.0	19.0	20.0	21.0	22.0	23.0	24.0	25.0	26.0	27.0	28.0	29.0	30.0	31.0	32.0	33.0	34.0	35.0	36.0	37.0
Lle-CNas_057.1	1.0	12.0	102.0	357.0	762.0	1345.0	1924.0	2646.0	3716.0	5046.0	6986.0	9361.0	12638.0	17107.0	22864.0	30744.0	41418.0	53914.0	70733.0	94932.0	132953.0	225672.0	549919.0	3590813.0	411783.0
	11.0	12.0	13.0	14.0	15.0	16.0	17.0	18.0	19.0	20.0	21.0	22.0	23.0	24.0	25.0	26.0	27.0	28.0	29.0	30.0	31.0	32.0	33.0	34.0	35.0	36.0	37.0
Lle-CNas_057.2	4.0	41.0	420.0	1491.0	2664.0	3338.0	3751.0	4320.0	5266.0	7043.0	9787.0	12847.0	15290.0	17278.0	20081.0	24582.0	31442.0	40948.0	52653.0	65507.0	81567.0	109202.0	164071.0	308773.0	922687.0	3256272.0	126423.0
	14.0	15.0	16.0	17.0	18.0	19.0	20.0	21.0	22.0	23.0	24.0	25.0	26.0	27.0	28.0	29.0	30.0	31.0	32.0	33.0	34.0	35.0	36.0	37.0
Lle-CNas_058.1	10.0	90.0	393.0	824.0	1381.0	1988.0	2877.0	3913.0	5581.0	7340.0	9792.0	13025.0	17095.0	23380.0	31181.0	41851.0	54560.0	72119.0	95646.0	135363.0	232328.0	568719.0	3646990.0	434809.0
	12.0	13.0	14.0	15.0	16.0	17.0	18.0	19.0	20.0	21.0	22.0	23.0	24.0	25.0	26.0	27.0	28.0	29.0	30.0	31.0	32.0	33.0	34.0	35.0	36.0	37.0
Lle-CNas_058.2	25.0	361.0	1195.0	2356.0	3226.0	3810.0	4498.0	5936.0	7809.0	10590.0	13922.0	16293.0	18645.0	22700.0	28198.0	38162.0	50120.0	61507.0	71189.0	84327.0	112935.0	171749.0	328169.0	971653.0	3251808.0	120072.0
	14.0	15.0	16.0	17.0	18.0	19.0	20.0	21.0	22.0	23.0	24.0	25.0	26.0	27.0	28.0	29.0	30.0	31.0	32.0	33.0	34.0	35.0	36.0	37.0
Lle-CNas_059.1	19.0	109.0	410.0	843.0	1382.0	2215.0	2985.0	4235.0	5601.0	7480.0	9907.0	12870.0	17307.0	23612.0	32054.0	43055.0	57586.0	76157.0	103438.0	154592.0	281834.0	621090.0	3887574.0	435487.0
	12.0	13.0	14.0	15.0	16.0	17.0	18.0	19.0	20.0	21.0	22.0	23.0	24.0	25.0	26.0	27.0	28.0	29.0	30.0	31.0	32.0	33.0	34.0	35.0	36.0	37.0
Lle-CNas_059.2	43.0	471.0	1681.0	2879.0	3770.0	4204.0	4973.0	5955.0	7963.0	10503.0	13713.0	16156.0	18831.0	22431.0	28092.0	36090.0	47300.0	62979.0	80521.0	101792.0	133839.0	199864.0	377856.0	1116581.0	3371675.0	111680.0
	14.0	15.0	16.0	17.0	18.0	19.0	20.0	21.0	22.0	23.0	24.0	25.0	26.0	27.0	28.0	29.0	30.0	31.0	32.0	33.0	34.0	35.0	36.0	37.0
Lle-CNas_060.1	8.0	71.0	274.0	560.0	937.0	1539.0	2166.0	2905.0	4120.0	5722.0	7603.0	10419.0	13831.0	18692.0	24241.0	32362.0	42278.0	56330.0	80343.0	141673.0	254712.0	445635.0	2467483.0	264096.0
	12.0	13.0	14.0	15.0	16.0	17.0	18.0	19.0	20.0	21.0	22.0	23.0	24.0	25.0	26.0	27.0	28.0	29.0	30.0	31.0	32.0	33.0	34.0	35.0	36.0	37.0
Lle-CNas_060.2	40.0	424.0	1432.0	2613.0	3069.0	3259.0	3551.0	4639.0	5917.0	8345.0	11160.0	13254.0	15186.0	17896.0	21614.0	27968.0	38370.0	54621.0	66964.0	73099.0	85448.0	123859.0	231782.0	683351.0	2292819.0	87320.0
	13.0	14.0	15.0	16.0	17.0	18.0	19.0	20.0	21.0	22.0	23.0	24.0	25.0	26.0	27.0	28.0	29.0	30.0	31.0	32.0	33.0	34.0	35.0	36.0	37.0
Lle-CNas_061.1	1.0	2.0	40.0	157.0	343.0	618.0	973.0	1367.0	1862.0	2658.0	3680.0	5099.0	6618.0	9210.0	12184.0	16335.0	21828.0	29297.0	39488.0	62578.0	135636.0	229885.0	297019.0	1576926.0	166041.0
	11.0	12.0	13.0	14.0	15.0	16.0	17.0	18.0	19.0	20.0	21.0	22.0	23.0	24.0	25.0	26.0	27.0	28.0	29.0	30.0	31.0	32.0	33.0	34.0	35.0	36.0	37.0
Lle-CNas_061.2	1.0	19.0	183.0	788.0	1414.0	1903.0	2171.0	2717.0	3534.0	4727.0	6299.0	8295.0	9887.0	11336.0	13538.0	17632.0	25024.0	37476.0	53103.0	61859.0	63071.0	66358.0	90799.0	168163.0	479898.0	1440498.0	49152.0
	13.0	14.0	15.0	16.0	17.0	18.0	19.0	20.0	21.0	22.0	23.0	24.0	25.0	26.0	27.0	28.0	29.0	30.0	31.0	32.0	33.0	34.0	35.0	36.0	37.0
Lle-CNas_062.1	1.0	12.0	76.0	288.0	562.0	917.0	1407.0	2034.0	2877.0	4035.0	5315.0	7119.0	9321.0	12195.0	16452.0	21614.0	29069.0	37937.0	49554.0	66274.0	92962.0	157769.0	389893.0	2411516.0	268634.0
	12.0	13.0	14.0	15.0	16.0	17.0	18.0	19.0	20.0	21.0	22.0	23.0	24.0	25.0	26.0	27.0	28.0	29.0	30.0	31.0	32.0	33.0	34.0	35.0	36.0	37.0
Lle-CNas_062.2	42.0	525.0	1791.0	3109.0	3885.0	4177.0	4503.0	5345.0	6949.0	9412.0	11970.0	13842.0	14939.0	16492.0	19795.0	24651.0	33480.0	45467.0	57357.0	67324.0	81546.0	115924.0	214218.0	620512.0	2128172.0	82406.0
	14.0	15.0	16.0	17.0	18.0	19.0	20.0	21.0	22.0	23.0	24.0	25.0	26.0	27.0	28.0	29.0	30.0	31.0	32.0	33.0	34.0	35.0	36.0	37.0
Lle-CNas_063.1	13.0	72.0	291.0	645.0	1014.0	1548.0	2059.0	2670.0	3299.0	4333.0	5411.0	6715.0	8659.0	11399.0	15021.0	19654.0	26028.0	34255.0	45757.0	65677.0	116663.0	291571.0	1696477.0	177101.0
	12.0	13.0	14.0	15.0	16.0	17.0	18.0	19.0	20.0	21.0	22.0	23.0	24.0	25.0	26.0	27.0	28.0	29.0	30.0	31.0	32.0	33.0	34.0	35.0	36.0	37.0
Lle-CNas_063.2	30.0	233.0	845.0	1420.0	1887.0	2215.0	2655.0	3463.0	4637.0	6195.0	7613.0	8565.0	9448.0	10682.0	12977.0	16488.0	22428.0	30599.0	37991.0	43411.0	53644.0	79034.0	149240.0	431007.0	1530979.0	68646.0
	13.0	14.0	15.0	16.0	17.0	18.0	19.0	20.0	21.0	22.0	23.0	24.0	25.0	26.0	27.0	28.0	29.0	30.0	31.0	32.0	33.0	34.0	35.0	36.0	37.0
Lle-CNas_064.1	1.0	6.0	47.0	196.0	427.0	718.0	1180.0	1587.0	2207.0	3170.0	4363.0	5739.0	7597.0	10099.0	13349.0	17711.0	23418.0	30164.0	39544.0	55018.0	92161.0	184152.0	328311.0	1685823.0	186930.0
	11.0	12.0	13.0	14.0	15.0	16.0	17.0	18.0	19.0	20.0	21.0	22.0	23.0	24.0	25.0	26.0	27.0	28.0	29.0	30.0	31.0	32.0	33.0	34.0	35.0	36.0	37.0
Lle-CNas_064.2	1.0	32.0	305.0	1028.0	1907.0	2446.0	2681.0	3158.0	3794.0	5210.0	7038.0	9352.0	10608.0	12073.0	14155.0	17474.0	23591.0	33149.0	45840.0	55276.0	58008.0	64321.0	88821.0	162383.0	468575.0	1544306.0	58386.0
	13.0	14.0	15.0	16.0	17.0	18.0	19.0	20.0	21.0	22.0	23.0	24.0	25.0	26.0	27.0	28.0	29.0	30.0	31.0	32.0	33.0	34.0	35.0	36.0	37.0
Lle-CNas_065.1	1.0	16.0	103.0	380.0	750.0	1236.0	1923.0	2797.0	3800.0	5202.0	7252.0	9806.0	12892.0	17168.0	23076.0	30979.0	41435.0	54324.0	72574.0	99826.0	165471.0	301058.0	578332.0	3393754.0	397264.0
	11.0	12.0	13.0	14.0	15.0	16.0	17.0	18.0	19.0	20.0	21.0	22.0	23.0	24.0	25.0	26.0	27.0	28.0	29.0	30.0	31.0	32.0	33.0	34.0	35.0	36.0	37.0
Lle-CNas_065.2	1.0	34.0	363.0	1259.0	2328.0	3351.0	4052.0	4727.0	5907.0	8010.0	10706.0	13967.0	16212.0	18720.0	22393.0	28170.0	37774.0	50773.0	62851.0	72712.0	85096.0	111365.0	169331.0	324333.0	950018.0	3104116.0	112850.0
	14.0	15.0	16.0	17.0	18.0	19.0	20.0	21.0	22.0	23.0	24.0	25.0	26.0	27.0	28.0	29.0	30.0	31.0	32.0	33.0	34.0	35.0	36.0	37.0
Lle-CNas_066.1	10.0	42.0	142.0	354.0	629.0	845.0	1155.0	1772.0	2469.0	3459.0	4709.0	6516.0	8407.0	11129.0	14721.0	19438.0	25216.0	33106.0	46595.0	82027.0	157493.0	261229.0	1424829.0	155098.0
	11.0	12.0	13.0	14.0	15.0	16.0	17.0	18.0	19.0	20.0	21.0	22.0	23.0	24.0	25.0	26.0	27.0	28.0	29.0	30.0	31.0	32.0	33.0	34.0	35.0	36.0	37.0
Lle-CNas_066.2	1.0	33.0	301.0	1101.0	1921.0	2265.0	2409.0	2813.0	3259.0	4250.0	5569.0	7306.0	8571.0	9618.0	11016.0	13263.0	17219.0	23247.0	33297.0	42989.0	48288.0	53399.0	74707.0	137474.0	399018.0	1307049.0	51007.0
	14.0	15.0	16.0	17.0	18.0	19.0	20.0	21.0	22.0	23.0	24.0	25.0	26.0	27.0	28.0	29.0	30.0	31.0	32.0	33.0	34.0	35.0	36.0	37.0
Lle-CNas_067.1	15.0	92.0	279.0	649.0	1148.0	1766.0	2392.0	3419.0	4745.0	6596.0	8836.0	11855.0	16029.0	21247.0	28892.0	38185.0	49758.0	66345.0	94671.0	166481.0	294865.0	543822.0	3140787.0	362132.0
	12.0	13.0	14.0	15.0	16.0	17.0	18.0	19.0	20.0	21.0	22.0	23.0	24.0	25.0	26.0	27.0	28.0	29.0	30.0	31.0	32.0	33.0	34.0	35.0	36.0	37.0
Lle-CNas_067.2	44.0	396.0	1469.0	2439.0	3168.0	3603.0	4108.0	5173.0	6919.0	9153.0	12307.0	14208.0	16242.0	18944.0	23549.0	30952.0	41555.0	54448.0	67348.0	79717.0	103719.0	156450.0	301066.0	908653.0	2898131.0	101245.0
	14.0	15.0	16.0	17.0	18.0	19.0	20.0	21.0	22.0	23.0	24.0	25.0	26.0	27.0	28.0	29.0	30.0	31.0	32.0	33.0	34.0	35.0	36.0	37.0
Lle-CNas_068.1	31.0	249.0	984.0	2148.0	3776.0	5791.0	8029.0	11199.0	15523.0	21624.0	29050.0	38787.0	50686.0	66240.0	86223.0	113897.0	148280.0	195145.0	291276.0	495503.0	778050.0	1485289.0	7930253.0	728265.0
	11.0	12.0	13.0	14.0	15.0	16.0	17.0	18.0	19.0	20.0	21.0	22.0	23.0	24.0	25.0	26.0	27.0	28.0	29.0	30.0	31.0	32.0	33.0	34.0	35.0	36.0	37.0
Lle-CNas_068.2	3.0	132.0	1454.0	5178.0	9139.0	11482.0	12487.0	14053.0	16968.0	22013.0	30106.0	39529.0	47297.0	54593.0	62814.0	74877.0	93714.0	120015.0	157206.0	192478.0	226837.0	291286.0	433378.0	800844.0	2270090.0	7247129.0	271196.0
	14.0	15.0	16.0	17.0	18.0	19.0	20.0	21.0	22.0	23.0	24.0	25.0	26.0	27.0	28.0	29.0	30.0	31.0	32.0	33.0	34.0	35.0	36.0	37.0
Lle-CNas_069.1	7.0	69.0	244.0	556.0	875.0	1352.0	1910.0	2648.0	3551.0	4922.0	6694.0	9065.0	12216.0	16329.0	22145.0	29259.0	38543.0	50396.0	67102.0	93653.0	158561.0	389326.0	2551091.0	285220.0
	12.0	13.0	14.0	15.0	16.0	17.0	18.0	19.0	20.0	21.0	22.0	23.0	24.0	25.0	26.0	27.0	28.0	29.0	30.0	31.0	32.0	33.0	34.0	35.0	36.0	37.0
Lle-CNas_069.2	25.0	351.0	1242.0	2024.0	2564.0	2862.0	3240.0	3839.0	5134.0	6996.0	9228.0	10881.0	12812.0	15077.0	18019.0	23081.0	30221.0	40331.0	50830.0	60031.0	76922.0	114290.0	212103.0	625281.0	2319464.0	98886.0
	13.0	14.0	15.0	16.0	17.0	18.0	19.0	20.0	21.0	22.0	23.0	24.0	25.0	26.0	27.0	28.0	29.0	30.0	31.0	32.0	33.0	34.0	35.0	36.0	37.0
Lle-CNas_070.1	1.0	8.0	80.0	333.0	694.0	1193.0	1750.0	2402.0	3432.0	4713.0	6399.0	8479.0	11216.0	14673.0	19857.0	26545.0	35512.0	46675.0	61436.0	81792.0	114841.0	198367.0	490353.0	3133744.0	374310.0
	11.0	12.0	13.0	14.0	15.0	16.0	17.0	18.0	19.0	20.0	21.0	22.0	23.0	24.0	25.0	26.0	27.0	28.0	29.0	30.0	31.0	32.0	33.0	34.0	35.0	36.0	37.0
Lle-CNas_070.2	1.0	24.0	357.0	1354.0	2480.0	3312.0	3679.0	4268.0	5321.0	7040.0	9697.0	12511.0	14804.0	16745.0	19866.0	24640.0	33231.0	45447.0	59259.0	68263.0	76654.0	97680.0	145150.0	274450.0	810720.0	2797011.0	104841.0
	14.0	15.0	16.0	17.0	18.0	19.0	20.0	21.0	22.0	23.0	24.0	25.0	26.0	27.0	28.0	29.0	30.0	31.0	32.0	33.0	34.0	35.0	36.0	37.0
Lle-CNas_071.1	8.0	76.0	310.0	699.0	1146.0	1757.0	2429.0	3327.0	4592.0	6107.0	8286.0	10685.0	14268.0	19249.0	25680.0	34762.0	46013.0	60354.0	82643.0	125260.0	231534.0	502170.0	2991272.0	344770.0
	12.0	13.0	14.0	15.0	16.0	17.0	18.0	19.0	20.0	21.0	22.0	23.0	24.0	25.0	26.0	27.0	28.0	29.0	30.0	31.0	32.0	33.0	34.0	35.0	36.0	37.0
Lle-CNas_071.2	30.0	234.0	994.0	1988.0	2768.0	3308.0	4210.0	5168.0	6926.0	9357.0	12238.0	14361.0	16711.0	20810.0	27232.0	37371.0	49229.0	59596.0	67199.0	79858.0	106385.0	164414.0	317833.0	928580.0	2507154.0	73443.0
	14.0	15.0	16.0	17.0	18.0	19.0	20.0	21.0	22.0	23.0	24.0	25.0	26.0	27.0	28.0	29.0	30.0	31.0	32.0	33.0	34.0	35.0	36.0	37.0
Lle-CNas_072.1	9.0	107.0	364.0	803.0	1411.0	2111.0	3024.0	4145.0	5729.0	8013.0	10809.0	14204.0	18624.0	24861.0	32575.0	43530.0	56002.0	74596.0	105087.0	176892.0	288950.0	570904.0	3273652.0	346624.0
	11.0	12.0	13.0	14.0	15.0	16.0	17.0	18.0	19.0	20.0	21.0	22.0	23.0	24.0	25.0	26.0	27.0	28.0	29.0	30.0	31.0	32.0	33.0	34.0	35.0	36.0	37.0
Lle-CNas_072.2	2.0	44.0	469.0	1610.0	2703.0	3335.0	3781.0	4260.0	5246.0	7064.0	9707.0	12742.0	15558.0	18096.0	21298.0	26088.0	32422.0	42115.0	54847.0	67749.0	82873.0	109058.0	163622.0	307165.0	897976.0	3054664.0	118532.0
	14.0	15.0	16.0	17.0	18.0	19.0	20.0	21.0	22.0	23.0	24.0	25.0	26.0	27.0	28.0	29.0	30.0	31.0	32.0	33.0	34.0	35.0	36.0	37.0
Lle-CNas_073.1	17.0	96.0	388.0	787.0	1307.0	1948.0	2692.0	3714.0	5180.0	7012.0	9579.0	12752.0	16997.0	22573.0	30214.0	40697.0	52715.0	68727.0	92544.0	130364.0	224383.0	551140.0	3376965.0	346653.0
	12.0	13.0	14.0	15.0	16.0	17.0	18.0	19.0	20.0	21.0	22.0	23.0	24.0	25.0	26.0	27.0	28.0	29.0	30.0	31.0	32.0	33.0	34.0	35.0	36.0	37.0
Lle-CNas_073.2	35.0	442.0	1655.0	2973.0	3640.0	4151.0	4794.0	5701.0	7542.0	9791.0	12829.0	15309.0	17485.0	20459.0	24792.0	31504.0	40828.0	55267.0	71929.0	86998.0	108486.0	157509.0	291025.0	846630.0	3046954.0	130716.0
	13.0	14.0	15.0	16.0	17.0	18.0	19.0	20.0	21.0	22.0	23.0	24.0	25.0	26.0	27.0	28.0	29.0	30.0	31.0	32.0	33.0	34.0	35.0	36.0	37.0
Lle-CNas_074.1	1.0	11.0	75.0	353.0	773.0	1279.0	1915.0	2763.0	3900.0	5367.0	7069.0	9316.0	12533.0	16909.0	22558.0	30211.0	40427.0	52610.0	68970.0	91956.0	129662.0	224846.0	553681.0	3421353.0	358331.0
	11.0	12.0	13.0	14.0	15.0	16.0	17.0	18.0	19.0	20.0	21.0	22.0	23.0	24.0	25.0	26.0	27.0	28.0	29.0	30.0	31.0	32.0	33.0	34.0	35.0	36.0	37.0
Lle-CNas_074.2	2.0	40.0	589.0	1830.0	3185.0	3872.0	4114.0	4574.0	5524.0	7394.0	10077.0	12954.0	15270.0	17454.0	20287.0	24024.0	30484.0	39646.0	53508.0	70085.0	85012.0	105635.0	150569.0	274222.0	794324.0	3167581.0	154613.0
	14.0	15.0	16.0	17.0	18.0	19.0	20.0	21.0	22.0	23.0	24.0	25.0	26.0	27.0	28.0	29.0	30.0	31.0	32.0	33.0	34.0	35.0	36.0	37.0
Lle-CNas_075.1	15.0	128.0	479.0	969.0	1564.0	2345.0	3176.0	4420.0	6008.0	7747.0	10351.0	13324.0	17868.0	23819.0	31950.0	42416.0	55458.0	73326.0	98911.0	139426.0	239122.0	592525.0	3723889.0	408896.0
	11.0	12.0	13.0	14.0	15.0	16.0	17.0	18.0	19.0	20.0	21.0	22.0	23.0	24.0	25.0	26.0	27.0	28.0	29.0	30.0	31.0	32.0	33.0	34.0	35.0	36.0	37.0
Lle-CNas_075.2	1.0	52.0	539.0	1731.0	3171.0	3951.0	4335.0	5193.0	6357.0	8228.0	11075.0	14240.0	16961.0	19038.0	22387.0	27466.0	34862.0	46207.0	61462.0	77360.0	94113.0	120663.0	176369.0	325725.0	947825.0	3332008.0	136813.0
	13.0	14.0	15.0	16.0	17.0	18.0	19.0	20.0	21.0	22.0	23.0	24.0	25.0	26.0	27.0	28.0	29.0	30.0	31.0	32.0	33.0	34.0	35.0	36.0	37.0
Lle-CNas_076.1	1.0	14.0	101.0	380.0	791.0	1460.0	2123.0	2994.0	4064.0	5812.0	7861.0	10697.0	14413.0	19322.0	25554.0	34062.0	45083.0	58801.0	76982.0	105266.0	170719.0	302839.0	600968.0	3450374.0	368783.0
	11.0	12.0	13.0	14.0	15.0	16.0	17.0	18.0	19.0	20.0	21.0	22.0	23.0	24.0	25.0	26.0	27.0	28.0	29.0	30.0	31.0	32.0	33.0	34.0	35.0	36.0	37.0
Lle-CNas_076.2	1.0	26.0	487.0	1841.0	2977.0	3644.0	4190.0	4887.0	6045.0	7935.0	10784.0	13953.0	16812.0	19533.0	22808.0	27719.0	34533.0	45470.0	60843.0	76054.0	89184.0	112228.0	164926.0	305100.0	896467.0	3243424.0	137593.0
	14.0	15.0	16.0	17.0	18.0	19.0	20.0	21.0	22.0	23.0	24.0	25.0	26.0	27.0	28.0	29.0	30.0	31.0	32.0	33.0	34.0	35.0	36.0	37.0
Lle-CNas_077.1	9.0	88.0	295.0	658.0	1078.0	1689.0	2327.0	3288.0	4585.0	6242.0	8335.0	10956.0	14558.0	19078.0	24977.0	33465.0	43154.0	56741.0	78133.0	128760.0	251787.0	456871.0	2485886.0	289079.0
	11.0	12.0	13.0	14.0	15.0	16.0	17.0	18.0	19.0	20.0	21.0	22.0	23.0	24.0	25.0	26.0	27.0	28.0	29.0	30.0	31.0	32.0	33.0	34.0	35.0	36.0	37.0
Lle-CNas_077.2	1.0	38.0	400.0	1348.0	2472.0	3232.0	3783.0	4379.0	5496.0	7223.0	9694.0	12540.0	14624.0	16653.0	19336.0	24656.0	33718.0	48097.0	63713.0	71221.0	73887.0	87044.0	125632.0	233602.0	682756.0	2290659.0	85835.0
	14.0	15.0	16.0	17.0	18.0	19.0	20.0	21.0	22.0	23.0	24.0	25.0	26.0	27.0	28.0	29.0	30.0	31.0	32.0	33.0	34.0	35.0	36.0	37.0
Lle-CNas_078.1	10.0	97.0	301.0	665.0	1109.0	1810.0	2354.0	3422.0	4838.0	6487.0	8638.0	12033.0	15897.0	21378.0	28344.0	37965.0	49846.0	65970.0	93446.0	162582.0	275518.0	543850.0	3094666.0	333629.0
	11.0	12.0	13.0	14.0	15.0	16.0	17.0	18.0	19.0	20.0	21.0	22.0	23.0	24.0	25.0	26.0	27.0	28.0	29.0	30.0	31.0	32.0	33.0	34.0	35.0	36.0	37.0
Lle-CNas_078.2	2.0	45.0	453.0	1484.0	2567.0	3217.0	3357.0	3975.0	4592.0	6113.0	8446.0	11294.0	13777.0	15292.0	17905.0	21579.0	27243.0	34846.0	45624.0	57614.0	71971.0	96677.0	145435.0	276299.0	828240.0	2946404.0	120404.0
	13.0	14.0	15.0	16.0	17.0	18.0	19.0	20.0	21.0	22.0	23.0	24.0	25.0	26.0	27.0	28.0	29.0	30.0	31.0	32.0	33.0	34.0	35.0	36.0	37.0
Lle-CNas_079.1	1.0	20.0	123.0	524.0	1100.0	1805.0	2689.0	3915.0	5563.0	7681.0	10449.0	14250.0	18770.0	24713.0	32958.0	43398.0	57317.0	74883.0	99810.0	150085.0	273014.0	415805.0	764790.0	4000615.0	424813.0
	11.0	12.0	13.0	14.0	15.0	16.0	17.0	18.0	19.0	20.0	21.0	22.0	23.0	24.0	25.0	26.0	27.0	28.0	29.0	30.0	31.0	32.0	33.0	34.0	35.0	36.0	37.0
Lle-CNas_079.2	4.0	104.0	986.0	3418.0	6237.0	7647.0	8313.0	8746.0	9901.0	12510.0	16301.0	21045.0	24537.0	26576.0	30079.0	36058.0	44618.0	57391.0	74357.0	93853.0	115383.0	147205.0	217269.0	404137.0	1157248.0	3761732.0	143436.0
	14.0	15.0	16.0	17.0	18.0	19.0	20.0	21.0	22.0	23.0	24.0	25.0	26.0	27.0	28.0	29.0	30.0	31.0	32.0	33.0	34.0	35.0	36.0	37.0
Lle-CNas_080.1	16.0	93.0	312.0	641.0	1130.0	1730.0	2487.0	3596.0	5069.0	7142.0	9819.0	13015.0	17262.0	22490.0	29239.0	39084.0	51431.0	68594.0	107232.0	218423.0	405668.0	517635.0	2654282.0	240519.0
	12.0	13.0	14.0	15.0	16.0	17.0	18.0	19.0	20.0	21.0	22.0	23.0	24.0	25.0	26.0	27.0	28.0	29.0	30.0	31.0	32.0	33.0	34.0	35.0	36.0	37.0
Lle-CNas_080.2	46.0	484.0	1814.0	3295.0	4023.0	4502.0	5205.0	6502.0	8710.0	11934.0	15603.0	18321.0	20967.0	25086.0	31863.0	45071.0	67187.0	96008.0	111294.0	106799.0	107507.0	142845.0	261291.0	743338.0	2480911.0	96303.0
	13.0	14.0	15.0	16.0	17.0	18.0	19.0	20.0	21.0	22.0	23.0	24.0	25.0	26.0	27.0	28.0	29.0	30.0	31.0	32.0	33.0	34.0	35.0	36.0	37.0
Lle-CNas_081.1	2.0	15.0	140.0	503.0	1100.0	1894.0	2889.0	4179.0	5741.0	7886.0	10652.0	14229.0	19134.0	25322.0	34013.0	45307.0	59930.0	77591.0	100171.0	133311.0	186715.0	318892.0	771442.0	4842958.0	530278.0
	11.0	12.0	13.0	14.0	15.0	16.0	17.0	18.0	19.0	20.0	21.0	22.0	23.0	24.0	25.0	26.0	27.0	28.0	29.0	30.0	31.0	32.0	33.0	34.0	35.0	36.0	37.0
Lle-CNas_081.2	1.0	66.0	644.0	2235.0	4017.0	4787.0	5530.0	6287.0	7833.0	10153.0	13966.0	18699.0	22660.0	25731.0	30027.0	36576.0	46373.0	60808.0	79132.0	96354.0	115267.0	149079.0	219918.0	407520.0	1187079.0	4447627.0	195925.0
	14.0	15.0	16.0	17.0	18.0	19.0	20.0	21.0	22.0	23.0	24.0	25.0	26.0	27.0	28.0	29.0	30.0	31.0	32.0	33.0	34.0	35.0	36.0	37.0
Lle-CNas_082.1	9.0	81.0	329.0	752.0	1243.0	1704.0	2552.0	3547.0	4927.0	6597.0	8891.0	11710.0	15800.0	20763.0	27947.0	37227.0	48315.0	62764.0	83966.0	117220.0	199682.0	492702.0	3112824.0	354492.0
	12.0	13.0	14.0	15.0	16.0	17.0	18.0	19.0	20.0	21.0	22.0	23.0	24.0	25.0	26.0	27.0	28.0	29.0	30.0	31.0	32.0	33.0	34.0	35.0	36.0	37.0
Lle-CNas_082.2	39.0	417.0	1393.0	2557.0	3166.0	3548.0	4051.0	4967.0	6595.0	8786.0	11779.0	14133.0	16227.0	19026.0	23078.0	29796.0	40509.0	54177.0	65662.0	74058.0	93804.0	136462.0	250119.0	726736.0	2887694.0	137265.0
	13.0	14.0	15.0	16.0	17.0	18.0	19.0	20.0	21.0	22.0	23.0	24.0	25.0	26.0	27.0	28.0	29.0	30.0	31.0	32.0	33.0	34.0	35.0	36.0	37.0
Lle-CNas_083.1	2.0	14.0	146.0	470.0	1049.0	1903.0	2639.0	3824.0	5392.0	7295.0	9823.0	13152.0	17216.0	22743.0	30449.0	40013.0	53503.0	70775.0	93344.0	125473.0	187140.0	341853.0	730674.0	4397144.0	501195.0
	11.0	12.0	13.0	14.0	15.0	16.0	17.0	18.0	19.0	20.0	21.0	22.0	23.0	24.0	25.0	26.0	27.0	28.0	29.0	30.0	31.0	32.0	33.0	34.0	35.0	36.0	37.0
Lle-CNas_083.2	1.0	39.0	531.0	1694.0	3131.0	4303.0	5030.0	6196.0	7634.0	9897.0	13810.0	17601.0	21202.0	24855.0	30186.0	38636.0	50930.0	68870.0	87273.0	102072.0	120270.0	159304.0	242682.0	461484.0	1339315.0	3729122.0	111163.0
	13.0	14.0	15.0	16.0	17.0	18.0	19.0	20.0	21.0	22.0	23.0	24.0	25.0	26.0	27.0	28.0	29.0	30.0	31.0	32.0	33.0	34.0	35.0	36.0	37.0
Lle-CNas_084.1	1.0	10.0	110.0	425.0	1024.0	1647.0	2491.0	3602.0	4931.0	6873.0	9557.0	13273.0	17136.0	22471.0	29570.0	39340.0	51708.0	67302.0	88536.0	125964.0	222699.0	425036.0	697892.0	3762260.0	419529.0
	11.0	12.0	13.0	14.0	15.0	16.0	17.0	18.0	19.0	20.0	21.0	22.0	23.0	24.0	25.0	26.0	27.0	28.0	29.0	30.0	31.0	32.0	33.0	34.0	35.0	36.0	37.0
Lle-CNas_084.2	3.0	74.0	795.0	2646.0	4864.0	5993.0	6585.0	7332.0	8833.0	11553.0	15836.0	20326.0	23851.0	26423.0	29949.0	36744.0	47135.0	64288.0	90068.0	115890.0	135210.0	153240.0	206904.0	373150.0	1072705.0	3427492.0	125498.0
	14.0	15.0	16.0	17.0	18.0	19.0	20.0	21.0	22.0	23.0	24.0	25.0	26.0	27.0	28.0	29.0	30.0	31.0	32.0	33.0	34.0	35.0	36.0	37.0
Lle-CNas_085.1	18.0	121.0	413.0	875.0	1426.0	2205.0	3081.0	4368.0	5967.0	8379.0	10942.0	14648.0	19367.0	25490.0	33991.0	45391.0	59012.0	76780.0	102606.0	144619.0	251122.0	612853.0	3681801.0	370933.0
	12.0	13.0	14.0	15.0	16.0	17.0	18.0	19.0	20.0	21.0	22.0	23.0	24.0	25.0	26.0	27.0	28.0	29.0	30.0	31.0	32.0	33.0	34.0	35.0	36.0	37.0
Lle-CNas_085.2	42.0	485.0	1470.0	2730.0	3280.0	3708.0	4488.0	5623.0	7333.0	9847.0	13148.0	15839.0	17907.0	21617.0	26282.0	33122.0	43987.0	56505.0	70936.0	86310.0	111892.0	165638.0	305357.0	889898.0	3422577.0	156387.0
	14.0	15.0	16.0	17.0	18.0	19.0	20.0	21.0	22.0	23.0	24.0	25.0	26.0	27.0	28.0	29.0	30.0	31.0	32.0	33.0	34.0	35.0	36.0	37.0
Lle-CNas_086.1	14.0	95.0	272.0	672.0	1135.0	1765.0	2381.0	3335.0	4481.0	6186.0	8181.0	10792.0	14453.0	19331.0	25666.0	34797.0	45306.0	59245.0	80025.0	112889.0	197682.0	504060.0	2927364.0	299371.0
	12.0	13.0	14.0	15.0	16.0	17.0	18.0	19.0	20.0	21.0	22.0	23.0	24.0	25.0	26.0	27.0	28.0	29.0	30.0	31.0	32.0	33.0	34.0	35.0	36.0	37.0
Lle-CNas_086.2	52.0	460.0	1526.0	2587.0	3483.0	3787.0	4427.0	5264.0	6837.0	9422.0	12019.0	13863.0	15995.0	18687.0	22920.0	29780.0	40808.0	57922.0	76522.0	88226.0	101690.0	139641.0	258139.0	759492.0	2586299.0	99650.0
	14.0	15.0	16.0	17.0	18.0	19.0	20.0	21.0	22.0	23.0	24.0	25.0	26.0	27.0	28.0	29.0	30.0	31.0	32.0	33.0	34.0	35.0	36.0	37.0
Lle-CNas_087.1	21.0	113.0	329.0	744.0	1257.0	1808.0	2601.0	3579.0	4860.0	6570.0	8513.0	11201.0	14738.0	20306.0	26854.0	36599.0	48126.0	63726.0	86163.0	122064.0	207406.0	504994.0	3398519.0	399343.0
	11.0	12.0	13.0	14.0	15.0	16.0	17.0	18.0	19.0	20.0	21.0	22.0	23.0	24.0	25.0	26.0	27.0	28.0	29.0	30.0	31.0	32.0	33.0	34.0	35.0	36.0	37.0
Lle-CNas_087.2	1.0	36.0	328.0	1184.0	2386.0	3035.0	3783.0	4435.0	5537.0	7273.0	9850.0	13040.0	15168.0	16997.0	19893.0	25208.0	33575.0	43190.0	53906.0	64210.0	79415.0	108354.0	165996.0	315302.0	920208.0	2951103.0	107021.0
	13.0	14.0	15.0	16.0	17.0	18.0	19.0	20.0	21.0	22.0	23.0	24.0	25.0	26.0	27.0	28.0	29.0	30.0	31.0	32.0	33.0	34.0	35.0	36.0	37.0
Lle-CNas_088.1	1.0	23.0	91.0	351.0	734.0	1315.0	2044.0	2937.0	4112.0	5526.0	7806.0	10553.0	14011.0	18201.0	24177.0	31978.0	42259.0	54357.0	70776.0	97360.0	155353.0	280354.0	549072.0	3118895.0	330112.0
	12.0	13.0	14.0	15.0	16.0	17.0	18.0	19.0	20.0	21.0	22.0	23.0	24.0	25.0	26.0	27.0	28.0	29.0	30.0	31.0	32.0	33.0	34.0	35.0	36.0	37.0
Lle-CNas_088.2	39.0	437.0	1498.0	2677.0	3389.0	3949.0	4562.0	5732.0	7604.0	10313.0	13275.0	15887.0	18548.0	21917.0	26915.0	34326.0	46110.0	60750.0	74224.0	86386.0	107170.0	156497.0	287932.0	821962.0	2889640.0	120659.0
	13.0	14.0	15.0	16.0	17.0	18.0	19.0	20.0	21.0	22.0	23.0	24.0	25.0	26.0	27.0	28.0	29.0	30.0	31.0	32.0	33.0	34.0	35.0	36.0	37.0
Lle-CNas_089.1	1.0	8.0	89.0	311.0	709.0	1253.0	1807.0	2472.0	3605.0	4808.0	6634.0	9154.0	12183.0	16288.0	21546.0	28245.0	37470.0	48947.0	64206.0	87677.0	142097.0	268236.0	512773.0	2916575.0	321900.0
	12.0	13.0	14.0	15.0	16.0	17.0	18.0	19.0	20.0	21.0	22.0	23.0	24.0	25.0	26.0	27.0	28.0	29.0	30.0	31.0	32.0	33.0	34.0	35.0	36.0	37.0
Lle-CNas_089.2	23.0	411.0	1460.0	2579.0	3231.0	3632.0	4319.0	5202.0	7097.0	9727.0	12141.0	14758.0	16878.0	19783.0	24713.0	32713.0	45258.0	62751.0	76244.0	80929.0	95021.0	135044.0	247086.0	708715.0	2768785.0	130494.0
	14.0	15.0	16.0	17.0	18.0	19.0	20.0	21.0	22.0	23.0	24.0	25.0	26.0	27.0	28.0	29.0	30.0	31.0	32.0	33.0	34.0	35.0	36.0	37.0
Lle-CNas_090.1	8.0	78.0	320.0	684.0	1158.0	1881.0	2558.0	3559.0	4916.0	7027.0	9550.0	13004.0	17003.0	22778.0	29433.0	39968.0	52444.0	69925.0	107282.0	203072.0	322449.0	528559.0	2835063.0	284825.0
	11.0	12.0	13.0	14.0	15.0	16.0	17.0	18.0	19.0	20.0	21.0	22.0	23.0	24.0	25.0	26.0	27.0	28.0	29.0	30.0	31.0	32.0	33.0	34.0	35.0	36.0	37.0
Lle-CNas_090.2	1.0	36.0	375.0	1394.0	2512.0	3181.0	3582.0	4176.0	5235.0	7129.0	9693.0	12962.0	15443.0	17892.0	21236.0	26663.0	35544.0	49703.0	67805.0	81209.0	88594.0	106376.0	155191.0	289154.0	815052.0	2635534.0	101872.0
	13.0	14.0	15.0	16.0	17.0	18.0	19.0	20.0	21.0	22.0	23.0	24.0	25.0	26.0	27.0	28.0	29.0	30.0	31.0	32.0	33.0	34.0	35.0	36.0	37.0
Lle-CNas_091.1	1.0	9.0	49.0	222.0	525.0	893.0	1274.0	1994.0	2768.0	3930.0	5430.0	7232.0	9557.0	12989.0	17327.0	23613.0	31612.0	42852.0	57671.0	89189.0	180054.0	292086.0	445094.0	2467780.0	272983.0
	12.0	13.0	14.0	15.0	16.0	17.0	18.0	19.0	20.0	21.0	22.0	23.0	24.0	25.0	26.0	27.0	28.0	29.0	30.0	31.0	32.0	33.0	34.0	35.0	36.0	37.0
Lle-CNas_091.2	17.0	252.0	897.0	1817.0	2541.0	2984.0	3775.0	4717.0	6441.0	8984.0	11399.0	13444.0	15936.0	19594.0	26834.0	38556.0	53364.0	65113.0	68615.0	72673.0	89918.0	135623.0	262905.0	761307.0	2226446.0	72982.0
	13.0	14.0	15.0	16.0	17.0	18.0	19.0	20.0	21.0	22.0	23.0	24.0	25.0	26.0	27.0	28.0	29.0	30.0	31.0	32.0	33.0	34.0	35.0	36.0	37.0
Lle-CNas_092.1	2.0	28.0	210.0	739.0	1690.0	3018.0	4477.0	6383.0	9346.0	12616.0	17602.0	23769.0	31298.0	41002.0	53797.0	71422.0	94139.0	123751.0	163926.0	251979.0	454488.0	718853.0	1246865.0	6605545.0	634265.0
	12.0	13.0	14.0	15.0	16.0	17.0	18.0	19.0	20.0	21.0	22.0	23.0	24.0	25.0	26.0	27.0	28.0	29.0	30.0	31.0	32.0	33.0	34.0	35.0	36.0	37.0
Lle-CNas_092.2	112.0	1397.0	4665.0	8270.0	10387.0	11472.0	12571.0	14970.0	19739.0	26757.0	34995.0	41052.0	45579.0	52054.0	62789.0	78671.0	102938.0	137747.0	174090.0	204196.0	250433.0	356239.0	653936.0	1881280.0	6156041.0	228830.0
	14.0	15.0	16.0	17.0	18.0	19.0	20.0	21.0	22.0	23.0	24.0	25.0	26.0	27.0	28.0	29.0	30.0	31.0	32.0	33.0	34.0	35.0	36.0	37.0
Lle-CNas_093.1	8.0	71.0	208.0	503.0	861.0	1270.0	1912.0	2523.0	3516.0	4940.0	6420.0	8496.0	11295.0	15083.0	19910.0	26461.0	34615.0	44809.0	60964.0	94597.0	179527.0	396760.0	1927138.0	153249.0
	11.0	12.0	13.0	14.0	15.0	16.0	17.0	18.0	19.0	20.0	21.0	22.0	23.0	24.0	25.0	26.0	27.0	28.0	29.0	30.0	31.0	32.0	33.0	34.0	35.0	36.0	37.0
Lle-CNas_093.2	2.0	39.0	400.0	1207.0	2268.0	2687.0	2950.0	3255.0	3925.0	5364.0	7087.0	8903.0	10532.0	11696.0	13889.0	17065.0	21783.0	29175.0	38909.0	49426.0	58329.0	72878.0	108446.0	212072.0	629147.0	1637345.0	46357.0
	14.0	15.0	16.0	17.0	18.0	19.0	20.0	21.0	22.0	23.0	24.0	25.0	26.0	27.0	28.0	29.0	30.0	31.0	32.0	33.0	34.0	35.0	36.0	37.0
Lle-CNas_094.1	13.0	84.0	334.0	737.0	1219.0	1802.0	2524.0	3588.0	4883.0	6530.0	8887.0	11585.0	15670.0	20638.0	27656.0	36860.0	48384.0	63325.0	84896.0	119849.0	205437.0	521135.0	3182197.0	353022.0
	12.0	13.0	14.0	15.0	16.0	17.0	18.0	19.0	20.0	21.0	22.0	23.0	24.0	25.0	26.0	27.0	28.0	29.0	30.0	31.0	32.0	33.0	34.0	35.0	36.0	37.0
Lle-CNas_094.2	44.0	491.0	1768.0	3219.0	3998.0	4605.0	5019.0	6104.0	8123.0	11092.0	14348.0	16552.0	18397.0	21175.0	26008.0	33573.0	46145.0	63671.0	80948.0	89661.0	106589.0	153546.0	288234.0	854183.0	2768926.0	94836.0
	13.0	14.0	15.0	16.0	17.0	18.0	19.0	20.0	21.0	22.0	23.0	24.0	25.0	26.0	27.0	28.0	29.0	30.0	31.0	32.0	33.0	34.0	35.0	36.0	37.0
Lle-CNas_095.1	1.0	34.0	227.0	777.0	1719.0	2942.0	4609.0	6528.0	8868.0	12382.0	16508.0	22169.0	28842.0	37814.0	49815.0	66003.0	87726.0	112654.0	147686.0	196739.0	288144.0	517697.0	1125795.0	6642273.0	713177.0
	11.0	12.0	13.0	14.0	15.0	16.0	17.0	18.0	19.0	20.0	21.0	22.0	23.0	24.0	25.0	26.0	27.0	28.0	29.0	30.0	31.0	32.0	33.0	34.0	35.0	36.0	37.0
Lle-CNas_095.2	4.0	124.0	1447.0	4977.0	8806.0	10765.0	11377.0	12727.0	15155.0	19790.0	26843.0	35433.0	42013.0	46572.0	53776.0	64679.0	81066.0	105544.0	137231.0	163968.0	190990.0	245721.0	367529.0	679294.0	1884952.0	5673192.0	207154.0
	13.0	14.0	15.0	16.0	17.0	18.0	19.0	20.0	21.0	22.0	23.0	24.0	25.0	26.0	27.0	28.0	29.0	30.0	31.0	32.0	33.0	34.0	35.0	36.0	37.0
Lle-CNas_096.1	1.0	22.0	174.0	629.0	1382.0	2290.0	3549.0	5091.0	7169.0	10116.0	14017.0	18464.0	24402.0	31682.0	41472.0	54352.0	70842.0	90771.0	115882.0	151486.0	211737.0	370308.0	896598.0	5092451.0	559243.0
	11.0	12.0	13.0	14.0	15.0	16.0	17.0	18.0	19.0	20.0	21.0	22.0	23.0	24.0	25.0	26.0	27.0	28.0	29.0	30.0	31.0	32.0	33.0	34.0	35.0	36.0	37.0
Lle-CNas_096.2	1.0	76.0	936.0	3267.0	5445.0	6656.0	7039.0	7871.0	9280.0	12296.0	16705.0	22252.0	26526.0	30631.0	35865.0	43830.0	55608.0	73525.0	94122.0	110109.0	125061.0	159262.0	233398.0	425606.0	1235416.0	4800599.0	232748.0

