Sample	fastp_mqc-generalstats-fastp-pct_duplication	fastp_mqc-generalstats-fastp-after_filtering_q30_rate	fastp_mqc-generalstats-fastp-after_filtering_q30_bases	fastp_mqc-generalstats-fastp-after_filtering_gc_content	fastp_mqc-generalstats-fastp-pct_surviving	fastp_mqc-generalstats-fastp-pct_adapter
Lle-AHam_001.clmp.r1r2_fastp	26.800800000000002	0.887807	726643427.0	0.44331	97.52483186864791	3.013497677187804
Lle-AHam_002.clmp.r1r2_fastp	26.723599999999998	0.893386	702969272.0	0.448067	97.72407194030824	2.8740442631711294
Lle-AHam_003.clmp.r1r2_fastp	22.3889	0.900083	962554233.0	0.445007	97.84553045916843	2.627941496362302
Lle-AHam_004.clmp.r1r2_fastp	24.0072	0.893733	921481995.0	0.449317	97.7409159706599	2.795254148207066
Lle-AHam_005.clmp.r1r2_fastp	24.1538	0.894279	871952489.0	0.443747	97.71569347669613	2.898294466158049
Lle-AHam_006.clmp.r1r2_fastp	21.4754	0.897904	1044865131.0	0.447052	97.94287127139391	2.6242699384855217
Lle-AHam_007.clmp.r1r2_fastp	24.4304	0.893667	606112218.0	0.437457	97.71219765159543	2.964786118953413
Lle-AHam_008.clmp.r1r2_fastp	18.2229	0.912426	368046007.0	0.451953	98.3215735162124	2.2443846073176243
Lle-AHam_009.clmp.r1r2_fastp	24.3352	0.897203	678791927.0	0.440144	98.02421712082545	2.740983276492246
Lle-AHam_010.clmp.r1r2_fastp	23.1117	0.90157	993520208.0	0.447074	98.14914816805043	2.605769449090648
Lle-AHam_011.clmp.r1r2_fastp	29.1578	0.895394	449524442.0	0.460417	97.87057176986575	2.6407584374832855
Lle-AHam_012.clmp.r1r2_fastp	28.866000000000003	0.895271	626462357.0	0.459853	98.00143437877068	2.692691066033885
Lle-AHam_013.clmp.r1r2_fastp	19.0929	0.90819	68606265.0	0.461976	98.11714675771961	2.4046505705122323
Lle-AHam_014.clmp.r1r2_fastp	24.407400000000003	0.897959	932681587.0	0.451525	97.82013035881276	2.850362632801009
Lle-AHam_015.clmp.r1r2_fastp	21.388299999999997	0.902286	935364763.0	0.451333	97.99481500042411	2.6760369755404128
Lle-AHam_016.clmp.r1r2_fastp	28.643800000000002	0.891738	258089159.0	0.451525	97.91946891308278	2.380844301415398
Lle-AHam_017.clmp.r1r2_fastp	27.182499999999997	0.889935	1158275116.0	0.457728	97.64898835547328	2.712522457916124
Lle-AHam_018.clmp.r1r2_fastp	24.9506	0.89816	923910331.0	0.448392	97.99003559180944	2.802527844205137
Lle-AHam_019.clmp.r1r2_fastp	18.1352	0.90804	729919665.0	0.44439	98.30504731276868	2.5502064397420607
Lle-AHam_020.clmp.r1r2_fastp	24.9988	0.892932	497583833.0	0.443023	97.59586766823637	3.201052229282281
Lle-AHam_021.clmp.r1r2_fastp	20.106299999999997	0.907516	749414458.0	0.442451	98.3618195202659	2.439195049598764
Lle-AHam_022.clmp.r1r2_fastp	26.1782	0.890733	690260945.0	0.445262	97.70654721217963	2.882275664916805
Lle-AHam_023.clmp.r1r2_fastp	27.624	0.893324	833312527.0	0.468224	97.79297246313212	2.6725614526147807
Lle-AHam_024.clmp.r1r2_fastp	30.2766	0.894587	745227756.0	0.463904	97.84576424753838	2.4715822522814097
Lle-AHam_025.clmp.r1r2_fastp	24.3785	0.897273	458021625.0	0.459343	97.86719347975558	2.8862557243490783
Lle-AHam_026.clmp.r1r2_fastp	21.2001	0.903183	519403712.0	0.442087	98.0301737906189	2.6285573223055128
Lle-AHam_027.clmp.r1r2_fastp	20.724400000000003	0.899216	523255002.0	0.441026	98.00595541164031	2.6645580563788993
Lle-AHam_028.clmp.r1r2_fastp	19.9259	0.905261	367863500.0	0.442416	98.17905834243847	2.600685294684748
Lle-AHam_029.clmp.r1r2_fastp	25.219599999999996	0.889214	683413033.0	0.460451	97.48889610263525	2.8297606601106655
Lle-AHam_030.clmp.r1r2_fastp	25.335	0.89405	732519254.0	0.457126	97.55764395277549	3.0318971860323405
Lle-AHam_031.clmp.r1r2_fastp	28.2184	0.891216	1026424760.0	0.455015	97.52317444570184	3.266403455715313
Lle-AHam_032.clmp.r1r2_fastp	21.7861	0.904233	790657816.0	0.444476	98.02267785912792	2.8896408863424963
Lle-CNas_001.clmp.r1r2_fastp	12.0093	0.928458	568122088.0	0.466965	99.03186966044687	0.8816855364466041
Lle-CNas_002.clmp.r1r2_fastp	12.842799999999999	0.929064	432250109.0	0.463948	99.0290208750393	0.8896332012797227
Lle-CNas_003.clmp.r1r2_fastp	12.6972	0.923506	540141160.0	0.46371	98.91293990278687	0.8729943922390557
Lle-CNas_004.clmp.r1r2_fastp	15.3685	0.924799	642844476.0	0.463515	98.97858217841716	0.7800950877916778
Lle-CNas_005.clmp.r1r2_fastp	12.232999999999999	0.926688	347608482.0	0.462226	98.9593736843696	0.8263301089333195
Lle-CNas_006.clmp.r1r2_fastp	11.362	0.924594	1274708327.0	0.466129	98.94915647436197	0.9148700750554948
Lle-CNas_007.clmp.r1r2_fastp	11.6417	0.929829	462742542.0	0.463337	98.99447248707897	0.9191877715030973
Lle-CNas_008.clmp.r1r2_fastp	13.8423	0.925211	526854566.0	0.463927	99.00165846921271	0.8722574649480788
Lle-CNas_009.clmp.r1r2_fastp	10.43	0.930834	613872770.0	0.464975	99.0519600244496	0.9131119836240265
Lle-CNas_010.clmp.r1r2_fastp	12.3177	0.930243	459495325.0	0.466131	99.00953552752999	0.9393559378179496
Lle-CNas_011.clmp.r1r2_fastp	12.3971	0.927815	438447712.0	0.464427	98.98405802972631	0.8913563077804162
Lle-CNas_012.clmp.r1r2_fastp	12.0345	0.925885	742329471.0	0.462836	99.0122676385738	0.7185491746966483
Lle-CNas_013.clmp.r1r2_fastp	11.537799999999999	0.929783	423117266.0	0.463592	99.10973051917031	0.9130181579941126
Lle-CNas_014.clmp.r1r2_fastp	13.1978	0.929368	740777830.0	0.461722	99.00150427397311	0.9163108423640383
Lle-CNas_015.clmp.r1r2_fastp	12.1923	0.9239	492187906.0	0.464485	98.83155558737204	1.035721955759181
Lle-CNas_016.clmp.r1r2_fastp	12.279	0.930023	692693074.0	0.466376	98.99412688993426	0.9002240215822055
Lle-CNas_017.clmp.r1r2_fastp	10.2291	0.925922	1186919100.0	0.468466	98.98601728880546	1.1194818290003836
Lle-CNas_018.clmp.r1r2_fastp	11.758299999999998	0.930408	557020091.0	0.46653	99.08294532318531	0.8817168811846542
Lle-CNas_019.clmp.r1r2_fastp	11.5968	0.928957	392331086.0	0.466747	99.04643643979885	0.8307481796895839
Lle-CNas_020.clmp.r1r2_fastp	12.0715	0.928437	553987300.0	0.466241	98.9700232012029	0.8417364741034279
Lle-CNas_021.clmp.r1r2_fastp	12.109	0.927817	980925801.0	0.470527	98.9579006827242	0.9035281665844093
Lle-CNas_022.clmp.r1r2_fastp	11.7949	0.931012	540925220.0	0.464986	99.0537650358161	0.8933362344235803
Lle-CNas_023.clmp.r1r2_fastp	12.707199999999998	0.924315	850168084.0	0.467332	98.90104267119055	0.8526984451868043
Lle-CNas_024.clmp.r1r2_fastp	12.463000000000001	0.929523	474406921.0	0.464029	98.97635665479402	0.98309600669385
Lle-CNas_025.clmp.r1r2_fastp	12.459299999999999	0.928915	583062347.0	0.465412	99.05184228010783	0.8685617609690058
Lle-CNas_026.clmp.r1r2_fastp	10.254000000000001	0.930989	209450569.0	0.458227	99.0415375731021	0.862902634425358
Lle-CNas_027.clmp.r1r2_fastp	13.273299999999999	0.927123	468686474.0	0.464851	99.02753024813656	0.8106764896562696
Lle-CNas_028.clmp.r1r2_fastp	14.2932	0.92652	565850392.0	0.46403	99.0353111942728	0.8819585273413116
Lle-CNas_029.clmp.r1r2_fastp	13.386000000000001	0.92891	346520709.0	0.466054	99.00398836882617	0.9104021762090767
Lle-CNas_030.clmp.r1r2_fastp	11.7559	0.927737	654209748.0	0.463551	98.9723140354809	0.8195291872164282
Lle-CNas_031.clmp.r1r2_fastp	13.758799999999999	0.928394	241076239.0	0.467286	98.92438383345402	0.9595036263916503
Lle-CNas_032.clmp.r1r2_fastp	13.5907	0.926361	480919594.0	0.462592	98.94915764937653	0.872757231141772
Lle-CNas_033.clmp.r1r2_fastp	10.4876	0.929959	1466352586.0	0.468066	98.98234291160573	0.8806777894670884
Lle-CNas_034.clmp.r1r2_fastp	13.0537	0.927945	462735338.0	0.464046	99.01609610893418	0.9124761510712573
Lle-CNas_035.clmp.r1r2_fastp	15.8827	0.917602	846369071.0	0.465942	98.72157466155895	0.6666704104562862
Lle-CNas_036.clmp.r1r2_fastp	11.9489	0.930449	592212277.0	0.463088	99.02439543893193	0.9642174560224268
Lle-CNas_037.clmp.r1r2_fastp	11.6327	0.928831	684373024.0	0.461536	99.01153747808557	0.8572584962994462
Lle-CNas_038.clmp.r1r2_fastp	11.3783	0.927792	942236521.0	0.466357	99.03411376113257	0.8241294973372165
Lle-CNas_039.clmp.r1r2_fastp	14.0755	0.924835	547537314.0	0.467169	98.97376900159283	0.7887237322493327
Lle-CNas_040.clmp.r1r2_fastp	10.1388	0.932895	726309536.0	0.465489	99.12425483927736	0.9906947268409161
Lle-CNas_041.clmp.r1r2_fastp	9.870560000000001	0.93264	735074399.0	0.471652	99.1777912728197	0.9184062519107453
Lle-CNas_042.clmp.r1r2_fastp	10.7585	0.925839	1092677490.0	0.467537	98.94850259036374	0.9519709052954319
Lle-CNas_043.clmp.r1r2_fastp	13.2348	0.929679	160445897.0	0.465032	99.05459821914073	0.8984743366470563
Lle-CNas_044.clmp.r1r2_fastp	11.2222	0.930178	574034012.0	0.475394	99.03119104410628	0.9795716529674293
Lle-CNas_045.clmp.r1r2_fastp	11.7263	0.926945	1007877933.0	0.467587	99.0059397633088	0.7771982313666268
Lle-CNas_046.clmp.r1r2_fastp	13.340499999999999	0.928109	526813163.0	0.463544	98.98751453619948	0.8701061461720762
Lle-CNas_047.clmp.r1r2_fastp	13.8512	0.92405	415593257.0	0.46478	98.88405528409179	0.9351389420623681
Lle-CNas_048.clmp.r1r2_fastp	12.997700000000002	0.926959	534660338.0	0.462571	98.9352712447354	0.9315983728009914
Lle-CNas_049.clmp.r1r2_fastp	13.5938	0.928641	381003706.0	0.46287	99.02587712050584	0.8659439365350201
Lle-CNas_050.clmp.r1r2_fastp	13.123099999999999	0.928686	536906601.0	0.463308	99.04688836422653	0.8931994500483837
Lle-CNas_051.clmp.r1r2_fastp	13.2135	0.922222	468063549.0	0.465109	98.89718363864533	0.8761536493847465
Lle-CNas_052.clmp.r1r2_fastp	11.359	0.925678	246910176.0	0.462851	99.00256941839649	0.8581527907411769
Lle-CNas_053.clmp.r1r2_fastp	11.755500000000001	0.930778	562193794.0	0.46467	99.12500496812623	0.8568505708593044
Lle-CNas_054.clmp.r1r2_fastp	11.6263	0.930502	808903415.0	0.475995	99.07588541576662	0.9645634524412401
Lle-CNas_055.clmp.r1r2_fastp	12.8553	0.927993	470946380.0	0.463535	99.01271695641796	0.8956242489283521
Lle-CNas_056.clmp.r1r2_fastp	11.559	0.926663	1261927703.0	0.468333	98.9936649211903	0.802088409518277
Lle-CNas_057.clmp.r1r2_fastp	12.2235	0.929864	565223934.0	0.462061	99.00911466789594	0.9534469812252188
Lle-CNas_058.clmp.r1r2_fastp	12.9143	0.928942	560413046.0	0.464695	99.05227780069448	0.8971672959944564
Lle-CNas_059.clmp.r1r2_fastp	13.855	0.925204	616081865.0	0.461353	98.95303836858483	0.804610864517352
Lle-CNas_060.clmp.r1r2_fastp	12.703700000000001	0.926749	420247523.0	0.463425	98.87492110517533	0.9086161460802529
Lle-CNas_061.clmp.r1r2_fastp	12.1647	0.927637	302751350.0	0.462503	99.02361429264536	0.8337296002973813
Lle-CNas_062.clmp.r1r2_fastp	11.7503	0.930826	423562887.0	0.462324	99.05063091600186	0.844240301239247
Lle-CNas_063.clmp.r1r2_fastp	11.6994	0.931798	308733992.0	0.473691	99.10500661853608	0.7736212803168843
Lle-CNas_064.clmp.r1r2_fastp	11.3558	0.930109	320522289.0	0.464619	99.02586829721203	0.8521285796291893
Lle-CNas_065.clmp.r1r2_fastp	12.332799999999999	0.929956	590654337.0	0.462473	99.08994673141095	0.7976239862357801
Lle-CNas_066.clmp.r1r2_fastp	11.300799999999999	0.92845	270412282.0	0.463549	98.96051535215432	0.8176466899017139
Lle-CNas_067.clmp.r1r2_fastp	13.2654	0.927381	494472866.0	0.46168	98.94265877572992	0.924300839796361
Lle-CNas_068.clmp.r1r2_fastp	11.0195	0.926992	1600464032.0	0.465385	98.95778213028555	0.7684537963590503
Lle-CNas_069.clmp.r1r2_fastp	13.652800000000001	0.927165	390124076.0	0.46322	98.91073635510293	0.925552123915504
Lle-CNas_070.clmp.r1r2_fastp	13.683100000000001	0.927939	477088283.0	0.461692	98.99001475219642	0.8990660981197764
Lle-CNas_071.clmp.r1r2_fastp	13.355900000000002	0.925648	500474548.0	0.463492	99.03489672217972	0.8053875368224057
Lle-CNas_072.clmp.r1r2_fastp	12.876199999999999	0.926845	565599429.0	0.464392	98.94965141833414	0.9097026342826756
Lle-CNas_073.clmp.r1r2_fastp	12.765099999999999	0.928167	561962613.0	0.463017	98.99484262304323	0.8495472391015455
Lle-CNas_074.clmp.r1r2_fastp	12.9408	0.929347	531128789.0	0.464568	99.00723439456553	0.9265691244720854
Lle-CNas_075.clmp.r1r2_fastp	14.463400000000002	0.926291	550474064.0	0.465485	99.00687034033815	0.9002966638633373
Lle-CNas_076.clmp.r1r2_fastp	12.1348	0.929035	601899441.0	0.463936	98.98585511421024	0.8789497600719965
Lle-CNas_077.clmp.r1r2_fastp	12.5137	0.929823	440407411.0	0.464711	99.06085234539378	0.852510417096415
Lle-CNas_078.clmp.r1r2_fastp	12.551300000000001	0.92777	492507681.0	0.463607	98.92308357087057	0.9549555585657362
Lle-CNas_079.clmp.r1r2_fastp	11.593499999999999	0.928131	759188559.0	0.467666	99.01387222845027	0.8934249957956658
Lle-CNas_080.clmp.r1r2_fastp	12.0974	0.927063	500657968.0	0.465628	98.93906933903068	0.8762745445466408
Lle-CNas_081.clmp.r1r2_fastp	13.020999999999999	0.927722	750553949.0	0.466338	98.95020003379406	0.9621667254528948
Lle-CNas_082.clmp.r1r2_fastp	12.964899999999998	0.929659	490091385.0	0.464738	99.00115473156556	0.9049586430647355
Lle-CNas_083.clmp.r1r2_fastp	13.623199999999999	0.924646	726197002.0	0.464891	98.9721832632071	0.8583784144793962
Lle-CNas_084.clmp.r1r2_fastp	12.6836	0.926826	670610941.0	0.46552	98.93435340232877	0.8660348101804547
Lle-CNas_085.clmp.r1r2_fastp	11.722100000000001	0.930346	611208182.0	0.464626	99.07004317797823	0.9593613216215948
Lle-CNas_086.clmp.r1r2_fastp	13.0614	0.928942	475033303.0	0.464271	99.05321341826352	0.8503569784097742
Lle-CNas_087.clmp.r1r2_fastp	14.6599	0.925596	500592759.0	0.465356	99.00617469434997	0.8724217469628546
Lle-CNas_088.clmp.r1r2_fastp	12.4057	0.928453	571762230.0	0.465022	99.01836125991812	0.8357328373450287
Lle-CNas_089.clmp.r1r2_fastp	13.1196	0.929274	495139563.0	0.464663	98.9917175209629	0.8238544084528874
Lle-CNas_090.clmp.r1r2_fastp	13.0036	0.925438	515985805.0	0.466326	98.97012071605731	0.8824289809451025
Lle-CNas_091.clmp.r1r2_fastp	12.765799999999999	0.926874	444233710.0	0.461634	99.04187405978423	0.8360285726548117
Lle-CNas_092.clmp.r1r2_fastp	11.2678	0.928309	1277275716.0	0.465875	98.99810023867813	0.8266109239727331
Lle-CNas_093.clmp.r1r2_fastp	10.0197	0.928007	365189185.0	0.462333	99.06144727029599	0.923637719546378
Lle-CNas_094.clmp.r1r2_fastp	12.8326	0.928557	516560607.0	0.463864	99.02303330271252	0.8118588083084246
Lle-CNas_095.clmp.r1r2_fastp	12.5019	0.925168	1221656774.0	0.466577	98.9212209959015	0.7400885855358699
Lle-CNas_096.clmp.r1r2_fastp	10.0596	0.932151	885604996.0	0.473099	99.07632875228816	1.0200065462744827
