Sample	1	2	3	4	5	6	7	8	9	10	11	12	13	14	15	16	17	18	19	20	21	22	23	24	25	26	27	28	29	30	31
Lle-AHam_001	46.41057631039265	12.970129633695123	8.470231370176219	6.379814411240275	4.985556096960221	3.969797651493652	3.128932248858142	2.470723988926787	1.927839384869108	1.5061684434853848	1.18201727378358	0.9171008315618692	0.7318333449348619	0.5778230534866163	0.4736100922589247	0.39342568150055957	0.32883640238384637	0.2813816885043131	0.24349823567523574	0.20327216650513769	0.18593680558158462	0.1664596240033841	0.14919119497528874	0.13480083745187596	0.1160599067237105	0.10702410083691644	0.10240580005033278	0.08694453219959627	0.0832632779494209	0.07723940735822486	1.2381062021771607
Lle-AHam_002	44.3184220593565	13.455570712358556	8.813625015100873	6.550633229976241	5.088113598840253	4.0106033302460435	3.1798035879676236	2.541539987113921	2.0039488785084365	1.571308843071719	1.2386491764990135	0.954563987436073	0.7624053678572866	0.6161785728667499	0.5112274996979825	0.414015624370797	0.35669522409696774	0.30541517335803164	0.26344732815205574	0.23645451616800228	0.21160099464422344	0.18813171988885757	0.1627119155961825	0.15453227560101476	0.13848759714895503	0.12810574638585753	0.11728345346917407	0.10249718117021706	0.09343665686787742	0.08569745902629565	1.4248932871582167
Lle-AHam_003	44.41342697303876	15.221757144833909	9.559535746296845	6.862664027734551	5.184188513830501	3.9957133282000754	3.1053022839118083	2.393322498918567	1.8510892659095322	1.4304834888754716	1.0919045646239876	0.8434554497369449	0.6656059411708731	0.5209993314021979	0.4164504146843857	0.34136301702576616	0.2831879441303221	0.23149523650037046	0.19588378116365937	0.16687935196293083	0.14556234310910027	0.12175211684546498	0.10882893993797707	0.09943782102771254	0.08310724699349145	0.07562759476407722	0.0660702613598257	0.05493389026269785	0.05094474240701026	0.04849307862070227	0.37053366072048166
Lle-AHam_004	45.74208606552365	14.807252343187713	9.170738247373043	6.532933716764737	4.917376390705065	3.803362921084183	2.941819916178356	2.2840559964453027	1.7696032626394895	1.3635398044101255	1.071300938543326	0.8371746679814094	0.6592586318492352	0.5253686616845948	0.4282576684393348	0.35338617971059655	0.2947300527271023	0.254508708509849	0.21705031699220442	0.19626023028531336	0.16872129190232918	0.15196239847847365	0.13692468870355465	0.11762931411284533	0.1152287158656444	0.10050806623658212	0.09086037894122748	0.08003503967554781	0.0719726531094768	0.06689969077576918	0.7291930411639187
Lle-AHam_005	45.67044101979075	14.952123187664718	9.334093869568996	6.637455161251447	4.972437763504919	3.7881330419864976	2.915052807814318	2.237532175148038	1.688784155110981	1.3062593956713773	1.0021889423600918	0.7865596346353195	0.6177436368708351	0.49862176814111786	0.4061474758503338	0.3467545892648198	0.28952231698516523	0.24160469304632692	0.2059785638252668	0.18341214774184594	0.1667994244123489	0.1426005441867232	0.13290178663597635	0.11777748649496025	0.11249598485841494	0.09631538439008978	0.09093785545106185	0.07898245629197294	0.07595759626376972	0.06669096157419477	0.8376941732073264
Lle-AHam_006	46.74377482452334	16.201679803827847	9.599600907911704	6.5591073468050975	4.800237388363259	3.62735346169833	2.7700501600699705	2.1037821802191057	1.6027513949605883	1.209434439701912	0.9222735482949299	0.7094295004433935	0.5445342545177119	0.4260680386660355	0.3336279157772835	0.2785741804440317	0.22044290711078451	0.18484225148120764	0.15216715666644123	0.13222015111091523	0.11094334518502083	0.09559364948133986	0.08560114955542875	0.0716952371110049	0.0606768911850953	0.05577562696288033	0.04756885896289249	0.03989401111105201	0.03484076970365209	0.031155322962916805	0.24430332518482326
Lle-AHam_007	47.38247533259579	14.000261134728673	8.679149655470631	6.2067934340059185	4.733698734760121	3.6615020020329196	2.852896910748081	2.205184507129259	1.7072735849586396	1.3346652140462405	1.0324649433646507	0.8130977317781309	0.6477124036188219	0.5217078772835249	0.4275730194475176	0.35899005441710796	0.3034638258203281	0.2633108514115315	0.21754207638612	0.1953596639504911	0.17591495431546197	0.1527497767719255	0.1429221256928494	0.12839124159735832	0.11435174005582106	0.10740218679276012	0.09652157309806873	0.08395621921839287	0.08255226906423914	0.07209284041579388	1.2980221150228284
Lle-AHam_008	48.205513597447336	16.266125149459103	9.612907581418568	6.508066794228791	4.754887068434059	3.551752380241729	2.675606675158964	2.005194869799578	1.5185755681222606	1.140686099459371	0.8274660086024486	0.6221762666936714	0.46272361125176104	0.34493295881946406	0.2664058571979327	0.20369077377621198	0.15909732919022923	0.13040473436697742	0.11032880114699313	0.08812091041692205	0.07079875564746661	0.05862883152738766	0.053920758692612585	0.044060455208461025	0.03642094079731658	0.03020273139289667	0.028337268571570703	0.024872837617679614	0.021319575100868238	0.01661150226609317	0.16016330794527267
Lle-AHam_009	46.01167161682723	14.460011725022728	8.999561828860791	6.3687750264298515	4.814602629755098	3.715776224421304	2.8948425679013545	2.243776088479012	1.7229471803505128	1.3711358099915159	1.060471258522186	0.8476366068318284	0.6642358890079733	0.5368506783156264	0.44163038504440577	0.37080687819449215	0.3118176334146155	0.2601716999705054	0.23492527422109316	0.2044596354561774	0.18297589815980259	0.16179560348060817	0.14716966933251122	0.12726383364547464	0.12022396492688853	0.10923934218495678	0.09916504729456631	0.09400652280249891	0.08393222791210846	0.08114055583404844	1.256980697408236
Lle-AHam_010	43.69794503384906	15.44047266499475	9.683833838290752	6.892161390327598	5.180511059706469	4.002617632988803	3.0565421151054406	2.389087121204277	1.8328815293272227	1.4141430876057979	1.0879330018493247	0.8518904321786617	0.6755315513824374	0.5329285390335882	0.4302527134126769	0.35603122107194557	0.3078618038887589	0.25468077924283306	0.212599843853222	0.18849442613988182	0.15883896379838428	0.14102911909608826	0.12910066496989928	0.11091805607615986	0.10052207695923823	0.08486598091861522	0.0780733889856465	0.06825726527763684	0.06498522404163362	0.05591462871651076	0.5190948457066884
Lle-AHam_011	43.62433140596348	12.850246973521068	8.628524538855697	6.620535517239996	5.3297929113985	4.247603494143657	3.4322498063936244	2.730652403327221	2.1245541034520117	1.6899930582584655	1.2935514029941777	1.0147782855904695	0.7938864523688192	0.6610704727205607	0.525646324287669	0.4373698423462284	0.3608301199356384	0.3106730279234563	0.2648294458243218	0.23172576509628154	0.1998258545765337	0.17906081848349029	0.16521746108812801	0.1444524249950846	0.1374304321133791	0.12378770308606554	0.10823900456228908	0.10362455209716834	0.09680318758351156	0.08737365428522131	1.4813395554877877
Lle-AHam_012	42.53117775389925	12.812258562966777	8.799260555146068	6.850669437364758	5.511572696783207	4.435855083017338	3.5543971511540136	2.8187264853280287	2.234985391671921	1.756995568659142	1.3504933085864999	1.0589187765118213	0.8494883384987908	0.661962992235533	0.5522895261099814	0.4349936800850154	0.38037895808727107	0.32043597052877115	0.27003945876662494	0.24406416415794163	0.21157654497500153	0.18863540158841516	0.16554625082514113	0.155333741833693	0.13609278286429796	0.12070001568878193	0.10730534809854923	0.09694483173041343	0.08717634486902827	0.08214409406164803	1.21958078390627
Lle-AHam_013	61.415183004681516	9.225599375797986	5.419208398354376	4.251932898283445	3.4770002837281884	2.9804759540360335	2.4209994325436233	1.9962938005390836	1.6292204568023834	1.3339658107532983	1.0161015746914457	0.8188218186976876	0.6747410980280891	0.5155873173499788	0.40830259611292385	0.33825719960278056	0.26909845368137325	0.22742587601078168	0.15959710597247836	0.14452404596396654	0.13033763654419067	0.10462476947084692	0.09664491417222301	0.08112852886934317	0.08112852886934317	0.05452901120726344	0.056745637679103414	0.051869059441055465	0.050982408852319486	0.04566250531990353	0.5240104979429706
Lle-AHam_014	43.84975243085886	14.99997107577213	9.460536450979442	6.826162275598052	5.180685201608544	3.984290139374729	3.107619042109671	2.377527031915883	1.8331730634450711	1.426676414873105	1.1104678560605825	0.8566911306302678	0.6873731505737455	0.5457334316460423	0.4446321305452751	0.3710310953249103	0.3166535469335646	0.2624539937906358	0.22903538590037337	0.2036710630009732	0.17488033156954874	0.15694731029155176	0.1399487640677432	0.12833457410854418	0.11213700650261141	0.09776389019295129	0.0916230541225702	0.0826787928896238	0.08089884040545538	0.0703526219367574	0.7902989029707852
Lle-AHam_015	44.91887436136004	16.016845404240733	9.760010120300997	6.799740463248617	5.064598534188662	3.8444085336989704	2.963575077942641	2.260336581623492	1.7670535233338232	1.345795994319573	1.0177839805429052	0.7862412875634559	0.6174607838336353	0.48140802768392016	0.37302286861564077	0.3012421853320928	0.24549891451610273	0.20844555441294094	0.17437115387754434	0.14539771150612932	0.12683022378923658	0.10177431728775933	0.08904232571046145	0.07569821915348579	0.06590437947864126	0.0580285000734538	0.048846775378287056	0.04346016355712257	0.03501297683756917	0.03236047859229878	0.23093057799977146
Lle-AHam_016	48.6197415119251	10.899655476129912	7.408561011526235	5.9320054196321506	4.9399635576458865	4.040844507431229	3.3016149880861536	2.7025483691786976	2.1605851541532344	1.6814356833979642	1.3254911325335395	1.0375515444740344	0.821250772193757	0.6380007579179061	0.5269086812747557	0.4303520165288398	0.34833076368015864	0.3085314215805876	0.2635408609462899	0.22028070649023446	0.20176536038304269	0.1681954805251437	0.14743060638623703	0.14258546908715883	0.1218205949482522	0.11645633579570132	0.10001747710240023	0.09603754289244314	0.08444382149822029	0.08029084667043895	1.1337621279843018
Lle-AHam_017	44.13684370709706	14.0192371498018	9.15510877130543	6.740153787433403	5.242318735972738	4.128037559591175	3.2422256020236677	2.5419331447925235	1.976726491369726	1.5311803314404413	1.1835911286587297	0.9325036650703618	0.7199586884411622	0.5792599010950723	0.4630503530358757	0.38101763807315836	0.32925345655841787	0.27786347394619354	0.23774103606529023	0.2089692982273782	0.18061333694781753	0.15699722843346203	0.14107298624860612	0.12469138984956371	0.11666690227338306	0.10677142018462142	0.09467232233659773	0.08914249411052505	0.07775021641169862	0.07105621382224223	0.8135915693818816
Lle-AHam_018	44.05832841015482	14.644258624444017	9.260889259263003	6.684466675058275	5.095880241347532	3.9841453744938624	3.108814954947174	2.445357312504996	1.9114489396713858	1.4914244815043152	1.1660353053917303	0.9133682901977143	0.7167014734621536	0.5677198134123003	0.4693174958585579	0.3937011491295851	0.3247000842529647	0.2699402511418252	0.23989584606239128	0.203741493160993	0.17875042838543942	0.16069622166339426	0.14356080408750915	0.12784950968817216	0.11760501070848749	0.1085089981615029	0.0971619522064262	0.08668775594020153	0.07910774548438104	0.06831197301700036	0.8816241251978841
Lle-AHam_019	47.084139030577894	17.34421540798354	9.944323851690664	6.552764865675233	4.653698307452273	3.4036332232737427	2.542412441581339	1.9111856811216383	1.4327945261063861	1.0847063850721133	0.8236963863468654	0.628802935879965	0.48382231749947485	0.3732689852793054	0.2940009443938733	0.2323729601720736	0.1889685459386575	0.15364354697102722	0.12491673713712205	0.10534659793777414	0.09004059457314655	0.0786845275606809	0.06427623700336284	0.058351332475119894	0.045918010093882806	0.03918516403906128	0.03424774359885883	0.029938722123773052	0.027021155500017057	0.023205876068951525	0.14641695887218545
Lle-AHam_020	47.945123568820826	13.550503412933354	8.543913356549421	6.215623276163366	4.751914906160123	3.6768724813562463	2.8544839754251954	2.231355193511847	1.7274790613064732	1.3529617355639867	1.0405130558912579	0.8136298367434595	0.6513418028541471	0.5156666484194392	0.43827033127139664	0.3618004118258878	0.30579545980907785	0.2616652419792908	0.22545151360751897	0.19892285212587218	0.1706256132121156	0.1469603628110275	0.13331705119189488	0.12253715065332094	0.11007289065559482	0.10249327308941002	0.08977635917281107	0.08320735728211757	0.07790162498578822	0.07242745674354364	1.2273927378841918
Lle-AHam_021	44.19905782514013	16.42061484580212	10.000972857281837	6.94306726933928	5.156798401520651	3.872252613618505	2.9266633988640023	2.257449841723604	1.7210219491569818	1.299278963083808	1.0081701302880406	0.7743102067695901	0.5870351800160147	0.4505077566659433	0.36561660442874566	0.29639406706728433	0.24503842786263255	0.19705037155664648	0.16880009279561767	0.1401288661722556	0.1212329843519648	0.1050966496291917	0.09022315849341825	0.08086876155268023	0.06781937782035068	0.06042940423716764	0.05332006256220675	0.045789773024912626	0.04340440180502443	0.03783853562528531	0.2637472217441086
Lle-AHam_022	46.84492029258075	13.65430982927377	8.50194431440254	6.161122371387052	4.773447457507868	3.7429067026754956	2.9828380766306126	2.3424455876105092	1.8459486008242703	1.4647980321427507	1.140542676145143	0.9049789061506364	0.7156213552561435	0.5869475211006145	0.475660214483451	0.39643988861798074	0.33365896427711284	0.28278476696640953	0.24706458587591568	0.213238656812948	0.18381009852816615	0.16439401524602273	0.14518088753825714	0.12759140442551395	0.11764658128100146	0.10567220239271091	0.0903152305981236	0.08233231133926325	0.07942328143984803	0.0736052216410176	1.2184099648480944
Lle-AHam_023	44.995987368201455	13.669530749209672	8.820835849990944	6.532317809411486	5.037409168989844	3.9946296349262167	3.1430319569249168	2.4890094267404477	1.9612824494607484	1.5207622149727529	1.1818055889707866	0.9264104078303242	0.7415657620158834	0.5954734372747977	0.48566584731585494	0.39313136139539756	0.33430186095263414	0.28511837964824555	0.24737552569402266	0.21047389433907662	0.19297646427411744	0.1654965260310725	0.14609232474108572	0.13229627411294478	0.1223137659348591	0.10397511327062299	0.10246091259192461	0.09057163318881128	0.08333711883503007	0.076607338040815	1.2177538347132189
Lle-AHam_024	42.614516271047734	12.630002641487934	8.590986310877232	6.6182868655897	5.4098061355031515	4.402738860431029	3.5963728745086057	2.8974791918082796	2.315833907382182	1.8349924639903041	1.4408410290408291	1.1402422917756496	0.8753165900980459	0.7034903896453673	0.574264656373496	0.4653680214219492	0.37939017884427134	0.3308334153403117	0.2794927307287917	0.2407768046283012	0.20918253717505816	0.18399776250433772	0.16379814888669053	0.1439222470257364	0.1300026414879346	0.12184510521926939	0.1057242597359548	0.10449415506052116	0.09070403422539661	0.08338814852413336	1.3219093296317974
Lle-AHam_025	47.046067154936836	14.093591327020722	8.79657160476885	6.3297229803794	4.785369514796348	3.666515882334006	2.8712555929975077	2.2133954090406216	1.7302078621322936	1.3562966012533735	1.0299925285516063	0.8310927459182342	0.6520151733088012	0.5256274068313774	0.42998947898083345	0.3632377631737222	0.3020769271169527	0.2600606186901416	0.23396984652187983	0.19432542647400156	0.17221603837037713	0.15205498714944762	0.14341453662619208	0.1274042900683951	0.10919157573016042	0.10614200495724672	0.09597676904753434	0.09208009528214459	0.08343964475888907	0.07547687662961437	1.131221336152492
Lle-AHam_026	45.22824172451475	15.244721341984318	9.394359396412018	6.596669019035946	4.932677276438578	3.800542543673593	2.896020716488675	2.247066543379058	1.7782217521827837	1.3600734512645776	1.0714683671494563	0.8364269270042218	0.674954044087701	0.5321828227519071	0.4371757754184578	0.3595019754037311	0.30202857639954567	0.26012903494864864	0.22292119953890954	0.19235994768747763	0.16688137738063355	0.14844036613552644	0.12895675354793978	0.1165107000220901	0.10458594716748022	0.09064115421181619	0.08047579112264054	0.07487180890681294	0.0686813634358406	0.05903730101790472	0.593175001286961
Lle-AHam_027	48.465032827183286	15.28406333344498	9.108139578411883	6.177893977096825	4.475490765897558	3.375909832130513	2.546709039575851	1.95840073134643	1.492705909549732	1.1615115806369203	0.9055140604897578	0.7248446972458266	0.5626297473321552	0.44021328310580554	0.37572134755308273	0.30735464194169326	0.26079172716890253	0.23294592200153547	0.19695653230408935	0.17108094920045105	0.15715804661676752	0.13686475936036085	0.1260942120786434	0.11171159101342311	0.09818273284248535	0.09319150361437237	0.08373443770847412	0.07473709028411259	0.06521435030942338	0.0646889577590957	0.7645118347955665
Lle-AHam_028	45.58964489848061	15.891091761001883	9.844434462608637	6.965544809056181	5.088785682201242	3.880690504938948	2.9499346830790025	2.240061319607851	1.712910497273997	1.3008163584889332	0.9666080119342462	0.739956235602461	0.5581403015704908	0.4215723039771206	0.3255543696402006	0.26011382040113246	0.22286051025496267	0.1678871521410351	0.13458994572720193	0.11546877768757495	0.09890259330841537	0.07763853574710607	0.06601748103336726	0.05835253005196507	0.045165517610843024	0.040055550289908225	0.037418147801683815	0.029753196820281623	0.025549836604673973	0.020357450455982164	0.12412275460206129
Lle-AHam_029	48.727132033557105	13.911020313304368	8.57902947185149	6.134110264804575	4.62783177823696	3.5853881314109994	2.782879203645242	2.1492853567763057	1.674349641233976	1.2851698141869194	0.994015264677987	0.7758927928050744	0.6211297056190556	0.48428382147974025	0.40865504774999534	0.3277679644304569	0.2726530898411406	0.23558525310321413	0.20747601788863937	0.1779385998225158	0.15852829652192033	0.13775472777211917	0.12606959535035597	0.11159301462783826	0.10198523908105522	0.09075452847569396	0.0825100183781166	0.07712187398363692	0.07335666464773545	0.0646577327337562	1.0140747420020138
Lle-AHam_030	46.54112723944031	14.204309400065501	8.804366568646852	6.326270583293119	4.765822909325307	3.6990618103461244	2.8899065050670574	2.2652761045745278	1.7564873031358241	1.3749390992592387	1.0808217925706303	0.8537097664536154	0.6859651132782709	0.5440273298222104	0.45370328580471725	0.3758776360907337	0.31159191353888566	0.26397071672505035	0.23098884286856664	0.20124729346114098	0.17526683493208628	0.1533367819643541	0.13817669257768966	0.12747204930848005	0.11699885778563171	0.10357465649667692	0.09356436846655117	0.08772021187092863	0.0811817000362222	0.07308088891357707	1.2201557438801265
Lle-AHam_031	45.16096392616214	14.080477925266221	8.89877388189344	6.5003118618174245	4.973115278663854	3.91326013645914	3.0852230702689045	2.4099104127644355	1.8607200896489904	1.4670093900571897	1.1440317058722653	0.8919770519106227	0.698541968810018	0.5752698566670736	0.4653937890807035	0.38354490691411663	0.32411777308335615	0.27414387636875986	0.236283424200002	0.2040759128193021	0.18759212749614151	0.15785480872871063	0.14745149753051995	0.12968511219662354	0.11742915653848109	0.10536321569674395	0.09733508970361963	0.08645674146441569	0.08165886735018163	0.07662347471544094	1.2654036698511566
Lle-AHam_032	44.947686599596544	15.76592730146993	9.564025653071948	6.612356359383933	4.858460537691502	3.663466982465212	2.821708184723616	2.1872848460250434	1.676011820206103	1.2995184257516663	1.0106387414760802	0.7998747184175972	0.639844176398692	0.5079834576419449	0.4250956059708906	0.3511961518538802	0.29772908599116543	0.2568179775364192	0.22267133322028337	0.18806136944259888	0.17406912170382952	0.15233943895719762	0.13811553148765393	0.11661750847179635	0.10925072903317276	0.09752874665599179	0.0906716186250717	0.08094190993254996	0.0743164416324042	0.06699599413993546	0.8027936310253537
Lle-CNas_001	55.15340053967215	22.787386481128067	10.958910348964999	5.311677909294216	2.638368256294169	1.3576391848569063	0.713533251911854	0.4048517137876669	0.23710698248830894	0.14965588905683608	0.09265651565953675	0.06038289784554081	0.04053722560104733	0.027588737808738474	0.019194994465985493	0.013469030015115244	0.010085505566873734	0.006311574451527434	0.0042294055603018885	0.0029931177811367213	0.0027979144475843262	0.002017101113374747	0.0009760166677619743	0.0009109488899111761	0.0011712200013143691	0.0006506777785079828	0.00019520333355239485	0.00026027111140319316	0.00013013555570159658	0.00019520333355239485	0.0007157455563587811
Lle-CNas_002	54.034765781122154	22.46767944443031	11.094651853882283	5.526972983930203	2.808131657279419	1.5107956769692499	0.8531001717689908	0.5190000467789416	0.33943456569856145	0.22453891966906772	0.16101804107847617	0.11062809346268396	0.08305313841560545	0.06155123894437163	0.04628653168616747	0.037012811685215474	0.028395638233003447	0.021173626196863842	0.015018502302426679	0.012556452744651812	0.008535105133619533	0.008617173452212029	0.006155123894437163	0.004103415929624776	0.003611006018069802	0.0022158446019973784	0.001805503009034901	0.0015592980532574147	0.0011489564602949372	0.0017234346904424055	0.00475996247836474
Lle-CNas_003	55.92199149185541	22.168315300552376	10.521707163553886	5.076535318567072	2.5809304697928312	1.3934257219442847	0.7956037635517162	0.4895031851281105	0.3151214906616602	0.2131783997308648	0.14196067153569839	0.10431701520396758	0.07284556198248451	0.0515480699317395	0.04028888623612272	0.028554917685871487	0.019940963894646595	0.014786156901472648	0.012615711851715193	0.009427870684883936	0.00678264078049204	0.004476542915124747	0.00345914679805094	0.0026452299043918954	0.0024417506809771344	0.002034792234147612	0.0015600073795131691	0.0010852225248787265	0.000678264078049204	0.0005426112624393632	0.00169566019512301
Lle-CNas_004	50.17679365138735	21.987058405490828	11.731966860541228	6.308840305960241	3.4752794349585137	2.0139265520874243	1.2170460000124677	0.7831036137968869	0.547150168627231	0.3974740201853964	0.29598598617319044	0.2151945291217046	0.17012336905363032	0.13109910044697126	0.10990381078840243	0.08303566419180491	0.06427159893524839	0.052364833274111205	0.04313864836391065	0.03466053250048313	0.02693048568382862	0.022816105926577023	0.019262777954405192	0.015834128156695527	0.013402903754683223	0.009350863084662715	0.008478115863427527	0.0077923859038855955	0.006233908723108476	0.004550753367869188	0.02693048568382862
Lle-CNas_005	56.516938271604936	22.211061728395062	10.576098765432098	5.060839506172839	2.4828641975308643	1.2589629629629628	0.6928395061728395	0.3913086419753086	0.2500740740740741	0.15911111111111112	0.10745679012345678	0.06992592592592593	0.05698765432098766	0.04434567901234568	0.030123456790123456	0.020641975308641976	0.016	0.013135802469135802	0.00908641975308642	0.007407407407407408	0.004049382716049383	0.0044444444444444444	0.0032592592592592595	0.0026666666666666666	0.0019753086419753087	0.0011851851851851852	0.0016790123456790122	0.001382716049382716	0.0010864197530864198	0.0007901234567901235	0.002271604938271605
Lle-CNas_006	57.30473451068706	23.079736154189977	10.634669619576151	4.842668044456175	2.202194794902399	1.0115388770200633	0.4684396236493958	0.22463959385161433	0.10881806208047316	0.05559829947827454	0.028839759622420486	0.015724771569613	0.00954718273869361	0.004856179455321662	0.002940135860704952	0.0019490788290066534	0.0011231979692580716	0.0007598103909686954	0.0005946342190189791	0.00013214093755977314	0.00026428187511954627	6.607046877988657e-05	0.00013214093755977314	0.0	0.0	0.0	0.0	0.0	0.0	0.0	3.3035234389943284e-05
Lle-CNas_007	55.97977844021793	22.567266705694408	10.55747782979813	5.001190296166647	2.434193091491104	1.2508590344976276	0.7043708573576024	0.420271866638918	0.27391784111717155	0.18588084162173735	0.13549912337307474	0.10465622899202126	0.07793071128805018	0.05996397669714524	0.04873476757782965	0.03608319197006742	0.029121082316091756	0.022757863815146256	0.02073660617366945	0.016918675073102154	0.011977823060603294	0.009806842630868947	0.007411278018748288	0.007186693836361976	0.004791129224241317	0.005689465953786564	0.004267099465339924	0.003219039947537135	0.003069317159279594	0.002320703217991888	0.012651575607762228
Lle-CNas_008	53.35504145521595	22.045250278367725	11.139409783248542	5.701083231072222	2.998864077268004	1.6748370312213872	0.9850744383707543	0.6194602718216089	0.40553634286203416	0.27601729633550903	0.20311898141619186	0.14116593803432748	0.10594461552278056	0.0806862965901971	0.062233691370004195	0.04672789002527936	0.03718585842852562	0.02645107288217766	0.0201364931490318	0.013892075412920892	0.014032399406990801	0.009963003578963469	0.007858143667914848	0.005963769747971091	0.004420205813202102	0.004069395828027332	0.002525831893258344	0.0028064798813981604	0.0021048599110486204	0.001683887928838896	0.006454903727215768
Lle-CNas_009	57.362620153851005	22.71527424144784	10.445667701653425	4.859950068273075	2.2998224449421594	1.1029030702604292	0.5642104883665385	0.2809786257959559	0.15564233020734286	0.08731292501678661	0.051261136622758594	0.029573732666976115	0.017011937648431973	0.01160416938932777	0.00597107745276089	0.004562804468619171	0.0025348913714550955	0.0012392802260447133	0.0007886328711193629	0.0003379855161940127	0.00022532367746267516	0.00011266183873133758	5.633091936566879e-05	5.633091936566879e-05	0.00011266183873133758	0.0	5.633091936566879e-05	5.633091936566879e-05	0.0	0.0	5.633091936566879e-05
Lle-CNas_010	54.84706195144611	22.493078136078037	10.885509620321248	5.306991540962765	2.6355035083001246	1.3646615162702003	0.7794354937290663	0.4653540082634525	0.31255348018482754	0.2056695107938293	0.15707894286482654	0.11444759553089015	0.08709630100481627	0.06860743710730265	0.05118817690633939	0.04385375155856539	0.03583172383443757	0.02689289294183801	0.017954062049238443	0.01780126152115982	0.014974451751705253	0.013064445150722442	0.009626433268953377	0.00817482825220644	0.0062648216512236265	0.005653619538909127	0.003285211353690438	0.003285211353690438	0.0029796102975331883	0.0023684081852186883	0.013752047527076254
Lle-CNas_011	55.51623285675191	22.40495078518478	10.845099870595671	5.295728849899859	2.6071379847314193	1.3466768597129533	0.7351748088602005	0.43753678094018744	0.27124051364557744	0.16484319311436582	0.11358196508908555	0.07927326916665388	0.050453964591811284	0.038748644806511065	0.026155335244394964	0.01743689016292998	0.012189677845381606	0.010252245605056052	0.0070231918711801304	0.004601401570773189	0.00371341179395731	0.00330978007722282	0.0019374322403255533	0.0007265370901220824	0.0013723478368972669	0.0008072634334689804	0.0010494424635096747	0.00024217903004069416	0.00032290537338759223	0.0004843580600813883	0.0016952532102848593
Lle-CNas_012	55.75224564367356	23.3336297180746	11.171005527575424	5.234683789236576	2.394100673428473	1.1152005148626363	0.5179852612102236	0.2412360090524368	0.11336716353451505	0.058853541480103064	0.029638474126670603	0.014713385370025766	0.009262023164584564	0.005027955432203049	0.0032284766459409055	0.0021699597128455265	0.0009526652397858409	0.0011114427797501477	0.0003704809265833826	0.0002646292332738447	0.00047633261989292046	0.00010585169330953787	0.0001587775399643068	5.2925846654768936e-05	5.2925846654768936e-05	5.2925846654768936e-05	0.0	0.0	0.0	0.0	5.2925846654768936e-05
Lle-CNas_013	55.458122963469044	22.87122764266017	10.911685857625036	5.276720206147133	2.581479238484425	1.2904196143781386	0.6773702960284996	0.37320567272622546	0.21392325163342485	0.12952196873392477	0.08048122331459438	0.049600753931459754	0.030240459654986753	0.018240277252214235	0.013280201859068258	0.007280110657681997	0.005120077825182943	0.0044000668810165915	0.003040046208702372	0.0013600206723142192	0.0005600085121293843	0.0008000121601848348	0.0003200048640739339	0.0004000060800924174	8.000121601848348e-05	0.00048000729611090084	0.00016000243203696696	0.00016000243203696696	0.00016000243203696696	0.0	0.00016000243203696696
Lle-CNas_014	52.41799419187173	22.359009607188206	11.293403922407395	5.797018687969366	3.0747051549474476	1.7167930078192732	1.0204198174083954	0.6448745915673121	0.428341672437763	0.3079533148589032	0.2205822041192649	0.16607259848847458	0.11862328463462471	0.0941718329659559	0.07236799071363975	0.05866271844075533	0.04220600893126909	0.03457466414295845	0.0269433193546478	0.022634464814309134	0.017339245981603787	0.012199768879272125	0.010486609845161572	0.00929258991229664	0.0056586162035772835	0.004776079731459725	0.004101198899840417	0.00347823197834567	0.002959092877100047	0.00301100678722461	0.009344503822421203
Lle-CNas_015	56.81540885921857	21.745468391299756	10.133585876833626	4.888676119909062	2.4896055096357483	1.3566338526872814	0.8138413478374457	0.5190991812254382	0.3438658610473422	0.2376280551185917	0.16675652990778364	0.12346931401922147	0.09213298277405046	0.06447919156434301	0.05002695897233509	0.038631929428636545	0.026820008560168536	0.021261457563242412	0.015424979016469985	0.01299311295531481	0.009588500469697558	0.008754717820158641	0.004933214009771933	0.003335130598155673	0.0030572030483093666	0.0027792754984630606	0.002570829836078331	0.0017370471865394128	0.001459119636693107	0.0008337826495389182	0.005141659672156662
Lle-CNas_016	53.858132001390736	22.9402343054366	11.350733105501048	5.574718248348499	2.8196365424895906	1.422538436098132	0.7627328850181898	0.4165323982598814	0.2498982386811733	0.1608040840209289	0.10070130508891395	0.07669199392824132	0.054908711616902556	0.0407575282175657	0.03439744579089745	0.024380315968894957	0.01892124521933804	0.01425718477311466	0.011607150428669555	0.01044113531711371	0.00916911883178006	0.007791100972668606	0.005671073497112523	0.005035065254445698	0.004134053577334362	0.00434605632488997	0.0032330419002230266	0.002067026788667181	0.0018020233542226705	0.0022260288493338876	0.011501149054891751
Lle-CNas_017	59.22196152071597	22.69421499877793	9.902786356317433	4.400718197313121	1.970102663729389	0.9053018549986617	0.4375566439224603	0.21745454521972918	0.10964745888139572	0.06079686839625093	0.03270697168635273	0.019210906370562563	0.010331916031226924	0.006812607133090253	0.00397133022450285	0.002550691770209147	0.0014529256918912863	0.0010009043655251084	0.000452021326366178	0.00032287237597584137	0.00019372342558550485	0.00012914895039033654	9.686171279275243e-05	6.457447519516827e-05	0.0	3.2287237597584136e-05	3.2287237597584136e-05	0.0	0.0	0.0	9.686171279275243e-05
Lle-CNas_018	56.07947759855253	22.646387218796608	10.588021978585232	5.017068257653807	2.444207812443939	1.2598731925842777	0.7066924997052778	0.4120984730828964	0.2560879348433359	0.17029815632063722	0.1174403764242769	0.08309883700070221	0.053626620331216464	0.0425425040620403	0.033700839061194574	0.023962193553016674	0.015248668624646975	0.012173306885222375	0.009162015182035788	0.007752474384799512	0.004420832500422862	0.00384420217428075	0.002434661377044475	0.0027550115582345375	0.001665820942188325	0.001409540797236275	0.0008329104710941625	0.000384420217428075	0.00044849025366608744	0.0007047703986181375	0.0021783812320924248
Lle-CNas_019	57.25112237988055	22.66867902981814	10.274280223309642	4.69519487369636	2.1972359600243014	1.0671965657525733	0.5602760210218836	0.3366704441995721	0.21638126274046957	0.15214579536216444	0.1106277493737477	0.09208824456131005	0.07102458181666257	0.05474811515034407	0.04099580641623538	0.03594749055181574	0.02837501675518627	0.024893419607310657	0.017930225311559425	0.01645054652371229	0.012098550088867767	0.012011510160170878	0.009139192513173494	0.007659513725326356	0.007050234224448123	0.006092795008782329	0.005309435650510315	0.0040908766487538495	0.0037427169339662877	0.0036556770052693973	0.01688574616719674
Lle-CNas_020	56.502300523860626	22.578672071746592	10.44301023281514	4.893394893155809	2.3432934150825107	1.2108299950057912	0.6633265681284468	0.3948878428205591	0.25914099607901475	0.17333623776684484	0.12957049803950738	0.09105133409131964	0.07145969035905174	0.051801634275149035	0.04197260623319767	0.03220999054288112	0.023709209533625902	0.020255767248615966	0.017267211425049677	0.010891625668108256	0.008899255119064064	0.007106121624924289	0.005777874592228161	0.0045160399111668385	0.0035862669882795483	0.0034534422850099355	0.0028557311202966774	0.0018595458457745808	0.0015938964392353547	0.0015938964392353547	0.006375585756941419
Lle-CNas_021	54.73832531369979	22.552315963692514	11.01876381578042	5.445372180079589	2.741200955934202	1.4408652280393466	0.7958056322722453	0.46787566516949236	0.28727232240219547	0.17122080937486056	0.11450860753613422	0.07560236906883151	0.05012357838981549	0.03265121620567848	0.02172577732204149	0.014469951498557383	0.010675237993172017	0.006546923300500027	0.004878917364066898	0.0028773102403471455	0.0024186086078280353	0.0014595051943789867	0.0012927046007356739	0.00041700148410828196	0.00037530133569745375	0.00045870163251911017	0.00020850074205414098	8.340029682165639e-05	4.170014841082819e-05	0.0	0.00016680059364331277
Lle-CNas_022	55.082509423631734	22.786367848042623	10.830398319540084	5.2216922526165055	2.5736648977614927	1.344315286288879	0.7226977909743719	0.44156821867037294	0.28139280224061325	0.18544549034472593	0.1385247541432392	0.0959473118958873	0.07047981552846042	0.05067176279823952	0.03843157074567777	0.029415945416640343	0.020137090150988694	0.01776802072146061	0.013951186640554256	0.01085823488533704	0.008423357971655401	0.0077652831301198225	0.005198791248131067	0.004014256533367027	0.003553604144292122	0.0027639143344494283	0.0019084170404531765	0.0017109945879925032	0.0017109945879925032	0.0012503421989175985	0.005462021184745299
Lle-CNas_023	54.501597740008336	22.383457602000647	11.009493817440838	5.499930533043116	2.839160839160839	1.5220210253322837	0.8512944009632751	0.5003473347844208	0.31389802250729404	0.19288658361506045	0.12601305978789423	0.08405501782985227	0.05816699856434956	0.03834576020006483	0.025424906219608207	0.01829296531283286	0.011114713101468068	0.007780299171027648	0.006020469596628537	0.0035196591487982216	0.0018524521835780114	0.0014819617468624091	0.0013430278330940583	0.0009262260917890057	0.00041680174130505256	0.0003704904367156023	0.00018524521835780114	9.262260917890057e-05	9.262260917890057e-05	0.00013893391376835085	0.0002778678275367017
Lle-CNas_024	54.504128900840435	22.046059042915655	10.645236926368545	5.309026429361724	2.7905800977454076	1.5706675850143248	0.9331242626962786	0.5959245880258212	0.4210965950306645	0.28854678810348994	0.21058493372509654	0.1595873297332151	0.11730914366523297	0.09122416231306374	0.06477281886325167	0.05158378334810994	0.04000674106259663	0.033925130241725714	0.02564534683499784	0.020149915370355445	0.0172922910087414	0.01282267341749892	0.009378869699656352	0.00849960066531357	0.006081610820870916	0.004909252108413872	0.005495431464642394	0.0032972588787854363	0.002271445005385523	0.0013921759710427398	0.009378869699656352
Lle-CNas_025	54.026201282524475	22.629042234421266	11.101769438083595	5.529770990433297	2.8173374416998356	1.4969538619130494	0.8546153597785686	0.5133769873653169	0.317623917327882	0.21183369092666796	0.1424464448849381	0.0952808442452586	0.06875415073113011	0.050584315316918024	0.0384288853534033	0.02823605085274773	0.018802930724811828	0.015384216047573313	0.00993959637641568	0.008546786693096284	0.005761167326457497	0.004368357643138102	0.003418714677238514	0.0024057621802789546	0.002595690773458872	0.0018992859317991748	0.0008230239037796423	0.0006964048416596973	0.00037985718635983495	0.0004431667174198074	0.0022791431181590095
Lle-CNas_026	59.79016477857878	22.636574290796744	10.052019941953	4.336848141559779	1.8359118996348658	0.7868820803295571	0.3240274787004962	0.12946470367943078	0.05617451549480386	0.025746652935118432	0.011117872858346596	0.006144087632244171	0.003218331616889804	0.0010240146053740286	0.001609165808444902	0.0013165902069094653	0.00043886340230315515	0.00014628780076771837	0.00043886340230315515	0.00029257560153543675	0.00043886340230315515	0.0	0.0	0.0	0.0	0.0	0.0	0.0	0.0	0.0	0.0
Lle-CNas_027	53.41905739689673	22.635027022838656	11.251728880537746	5.623384925323983	2.8558588226178254	1.5190128431125662	0.8628712008213394	0.5145768359064758	0.33302985103539123	0.23144722313697383	0.1694593495147512	0.12165120198361196	0.09150959843480619	0.07089863045541715	0.05981829804544486	0.04494120837611142	0.03603045154291692	0.02990914902272243	0.02378784650252794	0.0175115742982779	0.014257210933111211	0.011855180830250084	0.010847877883888964	0.009065726517250062	0.006121302520194487	0.005423938941944482	0.004649090521666699	0.0037967572593611376	0.0037967572593611376	0.0030219088390833542	0.01565193808961122
Lle-CNas_028	51.59514569431648	22.14092270629669	11.360460648508223	5.969963717681282	3.247726206097929	1.8042110889082998	1.1106058974389657	0.7289036730363475	0.49431169290453986	0.34946161506174905	0.26045094308767985	0.19703333213677465	0.15189647905955803	0.11852578650467921	0.09240092161609877	0.07072991410038064	0.055041700070596965	0.04866005368560022	0.03722627057914771	0.031908231924983745	0.02659019327081979	0.018546659806396804	0.015488787580252527	0.013029194702701696	0.010370175375619718	0.008309435397131184	0.007977057981245936	0.005517465103695106	0.003922053507445919	0.004121479956977067	0.020540924301708285
Lle-CNas_029	53.99924597896898	21.69581120427504	10.644628296479478	5.402093154424104	2.901588318443573	1.6570557169814888	1.0157399403348528	0.6671792948610183	0.4780771866858587	0.3405031647993538	0.25694410595288664	0.199845415741134	0.1451341272107091	0.11638583196472217	0.09111916417067137	0.0813706073052502	0.05789449077219513	0.04884225939716118	0.03899422746168469	0.028051969755599704	0.025366142864106114	0.019497113730842345	0.01561758599868494	0.013031234177246668	0.00885328123492331	0.007659580394259493	0.0061674543434297215	0.005272178712931858	0.005073228572821223	0.00467532829259995	0.022282415692391252
Lle-CNas_030	57.01057423452804	22.648906533857584	10.362316069560393	4.7577491782666295	2.2200927007703375	1.1243150319418704	0.6014534649780918	0.3575160850847189	0.2268720367515577	0.16254882029394627	0.11317918210775822	0.08475596844680836	0.06569300988705483	0.05108187997299224	0.03972400945385765	0.03236136977059955	0.02602607515942398	0.021003499251464965	0.017065343141815285	0.01261351449612434	0.010958347435546939	0.007876312219299362	0.00810461112420659	0.006335294611175574	0.004508903371917751	0.004280604467010523	0.0034815582998352257	0.0034815582998352257	0.0029108110375671552	0.0021688395966186647	0.010045151815918026
Lle-CNas_031	54.578716026267756	21.27511071843036	10.441184209433017	5.31545404942792	2.831594428487942	1.611129729594988	0.9991663227632661	0.6632027054349663	0.4852500062318066	0.35548994463386063	0.26256678419392276	0.2114659701814979	0.16922816998152618	0.13696126032056413	0.11161858020058107	0.09541588307469027	0.07311986395273798	0.06176412750553246	0.051654752375703154	0.044038099880626284	0.0337902401599774	0.03032812538948791	0.027835402754735485	0.021049657804576086	0.015648758762612482	0.013294520718679632	0.011771190219664258	0.010524828902288043	0.00844756003999435	0.0060933219960614985	0.04708476087865703
Lle-CNas_032	54.07187580846078	21.818085295696633	10.569993823920418	5.280473270136935	2.771459633413039	1.6112389694171905	0.9964723070872382	0.6593301421096471	0.49423590829493846	0.362339971497318	0.26633408552898197	0.2166861818818051	0.16629056884235144	0.12449361381408057	0.10520271149334014	0.0850893288410953	0.06878926408946193	0.05495664033234188	0.04359145756973511	0.03813317900611477	0.030880397901030192	0.02878681160265527	0.022431281768302804	0.018169338232325274	0.01428124939248612	0.011514724641062107	0.0109165571272407	0.009271596464231827	0.007103239226629221	0.005832133259758729	0.035740508950829135
Lle-CNas_033	58.52784976401213	23.125951539235672	10.295209095947103	4.507147219324341	1.9662379440977227	0.8572608203604514	0.3777280530048058	0.17261336449528333	0.08125331003559785	0.04088777151507779	0.02174946824393319	0.010444659891154357	0.006082478407201655	0.003225556731091786	0.0027033237365340686	0.0011059051649457553	0.0010137464012002757	0.0004915134066425579	0.00046079381872739803	0.00027647629123643883	0.00021503711540611908	6.143917583031974e-05	0.0	0.0	0.0	0.0	0.0	0.0	0.0	0.0	3.071958791515987e-05
Lle-CNas_034	54.098171886374445	22.12885838921887	10.765829678394283	5.416039983626715	2.870136026039518	1.603887945523334	0.9600771027171294	0.6161276863900612	0.41816551372761196	0.28692684627330295	0.20884614868930904	0.1466181987966108	0.11167905836256102	0.08407477133791669	0.0645940316376677	0.05205379838932928	0.03501800982554879	0.026736723718155497	0.022793254143206307	0.018534307002261184	0.014196490469817077	0.009858673937372971	0.00962206576287602	0.007019375843409555	0.004574424706941058	0.0031547756599593505	0.0033125144429573187	0.0026815593109654483	0.002050604178973578	0.0015773878299796752	0.006782767668912604
Lle-CNas_035	52.75780829401883	21.606210815036608	11.162130949856532	5.823276844805622	3.2001662396412454	1.8431448203437357	1.1450233601772088	0.7461651416517991	0.4931917745390809	0.3439587462087211	0.2406435727492412	0.17623102633314575	0.12271334131581228	0.09412097335223193	0.06935509329455826	0.04666189418591736	0.034119517161001076	0.025881939030229784	0.018175817553056646	0.01275495968635554	0.010948007064121839	0.00637747984317777	0.005314566535981476	0.00435794455950481	0.0029230115947898117	0.002178972279752405	0.0013817872993551836	0.0012223503032757395	0.0009566219764766656	0.0006377479843177771	0.001966389618313146
Lle-CNas_036	54.523625555009225	22.66766731610294	10.965244684666033	5.401473616497406	2.7597344582013204	1.4628952534465103	0.8116721073898946	0.4849822483311213	0.3000715981924229	0.19421471817300145	0.12951755634506631	0.0876800583630016	0.06334160224677839	0.042207196049652916	0.030931404988212792	0.020148544683556938	0.013062665054783092	0.010659627615459787	0.008503055554528616	0.006038401770607278	0.003820213365078074	0.0036353643312839736	0.002834351851509539	0.00160202495954887	0.001355559581156736	0.0009858615135685353	0.0005545471013823011	0.0003696980675882007	0.00018484903379410036	0.0003080817229901672	0.000677779790578368
Lle-CNas_037	55.29586193018539	23.2196660439649	11.246629925983113	5.319521672927497	2.545382566799706	1.2067839583106013	0.5815965035122244	0.27876276269031286	0.14108115428839005	0.07051316145156224	0.03865612661224834	0.021658397179912192	0.013214363849009718	0.007731225322449669	0.005044487444435245	0.002412580951686421	0.00224808679588962	0.0012611218611088112	0.0004934824673904044	0.00038381969685920346	0.00027415692632800243	0.00021932554106240195	5.4831385265600486e-05	5.4831385265600486e-05	0.00016449415579680146	5.4831385265600486e-05	5.4831385265600486e-05	0.0	0.00010966277053120097	0.0	0.00010966277053120097
Lle-CNas_038	57.02813636223446	23.33111157564314	10.732117706323614	4.871303686290099	2.2023672856746317	0.9887821226752932	0.4390256021877174	0.20856821709942394	0.09813715041585136	0.04630565674357717	0.024116637138421784	0.013321978952129976	0.006382555832370952	0.0035553834502469062	0.0028700083273077437	0.0016277659169805115	0.0007710470133065581	0.0004283594518369767	0.000257015671102186	0.000257015671102186	0.000128507835551093	0.000128507835551093	0.000128507835551093	4.2835945183697666e-05	4.2835945183697666e-05	0.0	0.0	0.0	0.0	0.0	8.567189036739533e-05
Lle-CNas_039	53.10613938683526	22.496731823804144	11.318021335667376	5.72539439745244	2.9639438197345775	1.6072813136309334	0.8961627600996845	0.5569619540668214	0.3620674855517765	0.2438643421924713	0.1730831742046969	0.12756089220858352	0.098572978479992	0.0712033220712005	0.054106081692443866	0.04334115256507857	0.034335198785321985	0.022937038532817554	0.02061519107397406	0.015478983058956633	0.013438571655730529	0.009005953779756586	0.008302363640713102	0.005769439140156563	0.005488003084539169	0.004291899848165248	0.002603283514460888	0.0025329245005565396	0.0021107704171304496	0.0015478983058956632	0.007106260404339181
Lle-CNas_040	56.991998721797486	23.154811691317946	10.644741515305224	4.8848414615013676	2.261879438938399	1.0448920506006492	0.5058909928110733	0.24413860412201058	0.12810900141391526	0.06107074485133677	0.03330256535628451	0.01828753588928918	0.011213147005800998	0.005534385861232252	0.004331258500094806	0.0020212539667109094	0.0011068771722464504	0.000625626227791472	0.0004331258500094806	0.00019250037778199142	0.00014437528333649354	4.8125094445497854e-05	0.00024062547222748922	0.0	0.0	0.0	4.8125094445497854e-05	0.0	0.0	0.0	9.625018889099571e-05
Lle-CNas_041	58.668044440464925	23.37828844678591	10.29579383728556	4.4087148226035575	1.887098374501182	0.7830078867063381	0.33284369123992386	0.13401834826862719	0.05832145527760771	0.025748559508454193	0.01248708337064132	0.0058563453017348825	0.0038235642879095506	0.0028555733289451074	0.0014519864384466648	0.0006775936712751104	0.0001451986438446665	0.0002419977397411108	0.0001451986438446665	0.00019359819179288866	0.0001451986438446665	4.8399547948222164e-05	4.8399547948222164e-05	0.0	0.0	0.0	0.0	0.0	0.0	0.0	0.0
Lle-CNas_042	59.15348326031371	23.00103174484501	10.129715746818786	4.385364176024642	1.8683179568461505	0.8113776036604512	0.35288664264246306	0.15390193938125213	0.07203522885296888	0.03487746160862479	0.015812611211627317	0.009195986662081134	0.005270870403875772	0.0024672159337290845	0.0015700465032821448	0.0011962259072625867	0.0005607308940293375	0.00029905647681564666	0.00018691029800977914	0.00018691029800977914	3.738205960195583e-05	7.476411920391167e-05	3.738205960195583e-05	7.476411920391167e-05	0.0	0.0	0.0	0.0	0.0	3.738205960195583e-05	0.0
Lle-CNas_043	54.938650668997035	21.173490475796832	10.357939985120277	5.191566582820613	2.8058904805205542	1.620236422253451	0.9738738845128859	0.6762794396091908	0.4835909729685046	0.3546727445214673	0.2729917295512071	0.21000877824883776	0.15411140896798498	0.13777520597393292	0.11238520373016529	0.08325558875281948	0.06770667265004704	0.05884969512315136	0.04782767864523672	0.03995480973244055	0.03798659250424151	0.026374110857867162	0.0281455063632463	0.0188948853907108	0.02027263745045013	0.016729846439691855	0.01220294681483406	0.012006125092014156	0.0074792254671563595	0.007676047189976264	0.05117364793317509
Lle-CNas_044	56.66199452668672	22.693028064919716	10.59535237230375	5.0170393274092575	2.4424475433016073	1.2091012957785408	0.6173517356424234	0.3254869348705332	0.18217644402439054	0.10493807358126933	0.061506913204306596	0.03528781780628222	0.02183896416682501	0.011783169931818013	0.008451802516539621	0.004256747252855722	0.0030845994585911034	0.001727375696811018	0.0013572237617800853	0.000863687848405509	0.0003084599458591103	0.0003084599458591103	0.00024676795668728826	0.0	0.0	0.0	0.0	0.0	0.0	0.0	6.169198917182206e-05
Lle-CNas_045	56.60811709913506	22.96107784431138	10.708873918829008	5.009605788423153	2.365103127079175	1.1318612774451098	0.5671989354624085	0.2866766467065868	0.15610445775116435	0.08478875582168996	0.05081503659347971	0.02865103127079175	0.01600964737192282	0.009522621423819029	0.006570192947438457	0.0036593479707252166	0.001788090485695276	0.0014970059880239522	0.000873253493013972	0.0004574184963406521	0.000291084497671324	0.00016633399866932801	8.316699933466401e-05	4.1583499667332004e-05	0.0	8.316699933466401e-05	4.1583499667332004e-05	0.0	0.0	0.0	4.1583499667332004e-05
Lle-CNas_046	53.27167044095859	22.061025309582785	11.10916045070638	5.720264443480126	3.029320549585984	1.6880606133112281	1.0017506390575857	0.6143872373952926	0.41341415674484483	0.28832805829139607	0.20755655951641871	0.14313757276336925	0.10823805576418971	0.08579759554362192	0.06364029570438623	0.04764173415912339	0.033129764615854006	0.0274665569892123	0.01897174554924973	0.014936710115267513	0.011114044967284359	0.00764533029596631	0.007291379819301202	0.005238467054643582	0.003822665147983155	0.004035035433982219	0.0036102948619840904	0.0024068632413227274	0.0019821226693245986	0.0009910613346622993	0.003964245338649197
Lle-CNas_047	53.2047056758269	21.701001040623126	10.916752681946582	5.681903538540613	3.0965500769284655	1.8029027730538532	1.1149774616053953	0.7355255906359109	0.507398720700298	0.345102024109035	0.24163049523701816	0.1768130937902735	0.12490853403799751	0.09359700287036436	0.06886848903716619	0.05038540190586792	0.03738816255326547	0.025825683388937325	0.01958025668703745	0.013334829985137573	0.009283742394716032	0.0077645845483079535	0.006583017334435003	0.005317052462428273	0.002363134427745899	0.002447532085879681	0.0020255437952107704	0.001687953162675642	0.0005063859488026926	0.0005907836069364747	0.0022787367696121166
Lle-CNas_048	54.31951777614269	22.03825286835871	10.702811894423917	5.357908099323237	2.8018548315369873	1.5810673501675063	0.9445302414083999	0.6168622028887074	0.42476235139381885	0.2906765202907574	0.21864749845700227	0.15874684325568483	0.11724087744689796	0.08799803789979813	0.07418517590174406	0.05451027003134509	0.0429209419159046	0.03247707064908323	0.026547646962113678	0.020618223275144128	0.017653511431659347	0.014890939032048535	0.009702693305950177	0.009635313491325523	0.006064183316218861	0.004918726467599742	0.004514447579851819	0.003503750360482008	0.0033689907312327004	0.0020887742533642743	0.011521948300815835
Lle-CNas_049	53.16077655184811	21.804220052057996	10.849153200436257	5.611662918453901	3.0139522471207334	1.7205640203079928	1.057931894649739	0.7038670992169062	0.48759197947332283	0.3502656180937211	0.27409674558762614	0.20089308466327707	0.15743420241831538	0.1261141550861255	0.09553541064937207	0.07097975223803978	0.06143547745929552	0.04929664254652371	0.04012301921549768	0.0316906987799081	0.025945601340275636	0.020107841038713617	0.015196709356447157	0.012324160636630927	0.009544274778744252	0.009914926226462475	0.006208411749280242	0.00555977171577335	0.004540480234548236	0.0033358630294640103	0.019737189590995394
Lle-CNas_050	53.63170337458211	22.183500130443317	11.006255900206826	5.582772337409799	2.8977243692325896	1.6259692476513476	0.9629272018697772	0.613352554671888	0.4008778700892125	0.2839495547445059	0.20790244453469392	0.1475219803716424	0.10489256580663726	0.08008143966391346	0.06327173360515749	0.0472688934372218	0.03294702387516171	0.02945060501494047	0.020104408446272145	0.01707866135569607	0.013851197792414923	0.010085823635253583	0.006791121247737414	0.006522165950797318	0.005715300059977032	0.0035636576844562664	0.00275679179363598	0.0022188811997557885	0.0018826870785806692	0.001344776484700478	0.005715300059977032
Lle-CNas_051	55.553509342901144	22.01836828652622	10.552794932448522	5.208528473225484	2.665703535537951	1.4485068821540268	0.8385591134960072	0.5347759132546952	0.3408531648383051	0.23440600739811712	0.16328247789296543	0.11994157710076363	0.08191906523361223	0.061359919986029306	0.044849100636619094	0.03325977551636	0.02230548190953976	0.018257156011367064	0.014446966930733938	0.009842988458302244	0.009049199066503675	0.005635904681769832	0.00373081014145327	0.003651431202273413	0.0026195049929352747	0.0018257156011367065	0.002301989236215847	0.0006350315134388545	0.0013494419660575656	0.000793789391798568	0.0029370207496547014
Lle-CNas_052	58.05966876896783	22.384699316228577	10.416199215579681	4.766526612978708	2.2477398873501646	1.0688015344789785	0.5074755846290543	0.27143148374424153	0.12193261267868384	0.06449222310975601	0.03782347080989667	0.02282229764122579	0.011411148820612895	0.00794933962784269	0.004102884969209131	0.0024360879504679214	0.0019232273293167798	0.001153936397590068	0.00012821515528778533	0.00025643031057557067	0.00038464546586335595	0.00012821515528778533	0.00025643031057557067	0.00012821515528778533	0.0	0.0	0.0	0.0	0.0	0.0	0.00012821515528778533
Lle-CNas_053	54.71310210360066	22.64875425067265	10.975352529310992	5.384464016544827	2.72724700459407	1.4156476198805439	0.7808119106291252	0.4707250194206224	0.2853288130012707	0.18668234035219491	0.12629835220520524	0.08334147884824133	0.05864770733765132	0.039741538524855825	0.027780492949413777	0.020771063015418173	0.01684835452024632	0.010674911642598813	0.006816509844069122	0.0056589893045102145	0.004051321888456177	0.002700881258970784	0.0020578142925491687	0.0014147473261275536	0.001736280809338361	0.0007716803597059383	0.0005144535731372922	0.00038584017985296914	0.0002572267865686461	0.00045014687649513066	0.0009646004496324229
Lle-CNas_054	55.108861485034176	23.045602224526167	11.166555683864786	5.371708095563217	2.6091260642876075	1.2860424844038725	0.6460884884142384	0.34095602552323473	0.1821616452802339	0.10124253909919428	0.05909717129656947	0.0322177922757843	0.019948807426575746	0.011238764747366617	0.006462289729735804	0.004729646831183451	0.0028565193732890152	0.0017794710849997144	0.0011238764747366617	0.000983391915394579	0.0007492509831577745	0.00018731274578944363	9.365637289472181e-05	0.0	9.365637289472181e-05	0.0	0.0	4.682818644736091e-05	4.682818644736091e-05	0.0	0.0
Lle-CNas_055	54.64609893633423	21.99734698027217	10.658406206963841	5.292334918044631	2.7488770099678166	1.5414625571922382	0.923715627865198	0.584751765390233	0.408529287118256	0.2889869888821939	0.20810042446826024	0.15536774711553	0.1181271557647318	0.09496350794453536	0.06859716926817025	0.05422230100676214	0.04193290586099875	0.03441030640813751	0.02308916663749487	0.0204078440602374	0.01824788976189111	0.013481094068988939	0.010427365578223489	0.010799771491731471	0.007448118270159636	0.00551160751991813	0.005288163971813341	0.004617833327498974	0.0021599542983462942	0.002085473115644698	0.0102039220301187
Lle-CNas_056	57.40154259273111	23.105893182378612	10.566735155560217	4.8190722898422305	2.1849042652678277	0.995445088931176	0.4607163525494725	0.2240413553142001	0.11309435827362177	0.05669033655234712	0.030564108216985127	0.017644151464840357	0.009484178779275244	0.005332613728724571	0.0032926205573332924	0.0024694654179999694	0.0013242060937101285	0.000679997723797093	0.0003936828927246328	0.0003221041849565177	0.00010736806165217256	3.578935388405752e-05	3.578935388405752e-05	0.00014315741553623008	0.0	0.0	0.0	0.0	0.0	0.0	3.578935388405752e-05
Lle-CNas_057	54.405370937343086	22.17041528147462	10.805164499556591	5.405534081596249	2.820999014151653	1.5613603310622215	0.9175435934775309	0.5644664198977587	0.37427957846572035	0.2622369298917725	0.1842196975419811	0.13184848786860603	0.09712478884880463	0.07090744388504235	0.055164340855955056	0.041643046722101854	0.03053400224593139	0.024122496576827294	0.017330109382825927	0.011934287780114556	0.010410761680525463	0.007871551514543643	0.00679238719400137	0.004697538807066368	0.005141900586113187	0.0024122496576827294	0.0019044076244863653	0.00184092737033682	0.0014600458454395468	0.0008887235580936372	0.004380137536318641
Lle-CNas_058	53.90306386502432	21.990218403891937	10.834411551599214	5.489144498499121	2.893398716488976	1.6105993168409067	0.9724019252665356	0.6308870717317048	0.43331435669185386	0.3022461442914812	0.21911551599213333	0.164255770624159	0.12408135803747024	0.09503415795466308	0.07142117793189111	0.05828847945347273	0.04450885001552635	0.03538712348618155	0.026071317668978366	0.021089949280612773	0.015138184452955181	0.012097608943173585	0.011450677983645586	0.00782786461028879	0.005951764827657592	0.0057576855397991926	0.004075665045026395	0.0035581202774039953	0.002393644550253597	0.0019407928785839974	0.010868440120070386
Lle-CNas_059	52.502220777545084	22.23693091024585	11.2822322908499	5.799703234643137	3.0999697279485474	1.7439307018153307	1.038120452988993	0.6605882703244568	0.4424185880321181	0.3064424880648715	0.22114726112373828	0.16351870415769257	0.12065397556400305	0.09112631881929074	0.0679260170913025	0.05396861631911705	0.03777803142338193	0.027852768652050063	0.02437892668208391	0.017245144065189125	0.013895367879864617	0.01079372326382341	0.0066995523706490125	0.006885651047611485	0.005707026093515826	0.0035979077546078033	0.0023572499081913195	0.00310164461604121	0.00192301966194555	0.0010545591694540112	0.005831091878157474
Lle-CNas_060	55.7173344064227	21.912545415264145	10.461301989448321	5.073975548735135	2.5933084741625696	1.433085566233308	0.8427489778988668	0.5406952101842338	0.36662054361432117	0.2571126529440965	0.18908252508044046	0.13902884312499897	0.10464270576846008	0.07817280147241935	0.05961913023687679	0.048486927495551245	0.035540588011194876	0.03182985376408636	0.019048435801823704	0.01888351427972999	0.0155026230768089	0.01113220274132554	0.011049741980278685	0.007339007733170171	0.005689792512233054	0.005277488706998774	0.003958116530249081	0.002638744353499387	0.0024738228314056757	0.002968587397686811	0.008905762193060432
Lle-CNas_061	55.74811645675632	22.31116655053191	10.783915133374027	5.227614887552385	2.605997427679805	1.3633740155779357	0.7425608211927279	0.4197468225420328	0.2571212391449085	0.1619609011761552	0.11354987941556709	0.0786540628146855	0.05483628322995678	0.03633596141298147	0.02415012069521329	0.019718905888752136	0.013625985529868049	0.009194770723406895	0.007200724060499377	0.005206677397591857	0.0031018503645228084	0.0017724859225844616	0.0033234111048458656	0.002437168143553635	0.0011078037016152885	0.0012185840717768175	0.0007754625911307021	0.0006646822209691731	0.00033234111048458654	0.0	0.0012185840717768175
Lle-CNas_062	54.37138124648163	23.054653824502317	11.421268739647667	5.575212481363774	2.7771423750865902	1.3605458731000784	0.6740676209063168	0.3499311331636403	0.18023805699805487	0.09985285695976846	0.05718624220685359	0.03277055581782816	0.017764236940852392	0.010626096069642299	0.007462601819901462	0.0031634942497408367	0.002190111403666733	0.0014600742691111555	0.0013789590319383135	0.0006489218973827358	0.0004055761858642098	0.00024334571151852594	0.0	0.00024334571151852594	0.0	0.0	8.111523717284198e-05	0.0	0.0	0.0	8.111523717284198e-05
Lle-CNas_063	55.15479748842546	22.884229573155178	11.020569216658181	5.275306008351787	2.5452024074635116	1.3034701248187166	0.6741189343611174	0.3847943755055892	0.24039237365865948	0.14773355488161014	0.09807259245840504	0.06860917030795002	0.048828074164534996	0.038416970931158666	0.02613186911577459	0.021550983693089006	0.014679655559060627	0.012701545944719124	0.008432993619034828	0.006350772972359562	0.004684996455019349	0.0054137736813556925	0.002915108905345373	0.002915108905345373	0.0018739985820077397	0.0017698875496739764	0.0012493323880051596	0.0009369992910038699	0.0005205551616688166	0.0009369992910038699	0.002394553743676556
Lle-CNas_064	57.613074671149	22.54564229571346	10.285437058614535	4.696060852238846	2.17391756025905	1.0719992021558413	0.5549587884404017	0.3132161638240006	0.19759109240240436	0.13619449113541118	0.1007693794060632	0.06534426767671521	0.0503846897030316	0.03937277813907005	0.03480179598044451	0.02337434058388064	0.019946103964911477	0.014647920099231866	0.010492481773208643	0.0101808238987569	0.008206990693895869	0.007583674944992386	0.0055059557819807725	0.00342823661896916	0.003947666409722063	0.002181605121162193	0.0020777191630116125	0.001142745539656387	0.0017660612885598704	0.0010388595815058062	0.005713727698281934
Lle-CNas_065	54.83027851617963	22.441680906152524	10.8145990682007	5.34814365458995	2.7354884410541804	1.4606855174224114	0.8325781852960589	0.5102351603205972	0.31995669437950064	0.2150209463307969	0.14713612069306575	0.1044333626600804	0.06964317449791291	0.04942216260582277	0.03303183930198574	0.026689223770615854	0.017457892254661666	0.012999221930629369	0.008352157085863315	0.006593808225681565	0.004709863018343974	0.0028259178110063847	0.002009541554493429	0.0016955506866038307	0.0006907799093571163	0.001130367124402554	0.0010047707772467146	0.0006279817357791966	0.00012559634715583932	0.0	0.0007535780829350359
Lle-CNas_066	58.19782608436584	22.357891676031514	10.066485447445036	4.5687741246599165	2.1182628218955086	1.0334500810958003	0.5500928937198125	0.3167562633247967	0.2078340568993399	0.13347141268764948	0.09688594510273128	0.07507766963680283	0.060181306613627666	0.0449274308778963	0.03384453678865398	0.025740915304046687	0.019901540998962023	0.017160610202697792	0.012393774035281737	0.009652843239017508	0.00989118504738831	0.007269425155309481	0.005839374305084665	0.0054818615925284605	0.004647665263230651	0.0028601017004496318	0.0025025889878934277	0.0023834180837080266	0.0023834180837080266	0.0013108799460394146	0.008818646909719698
Lle-CNas_067	53.54825059448585	21.923384344897254	10.789935985022804	5.444265081561037	2.9097393095842943	1.6509538131868289	1.0236982220278201	0.675270385984809	0.46354936191614654	0.3436548519876273	0.25553274338300563	0.19412509777493459	0.15202310409237077	0.12167547412828927	0.0980955081233339	0.07715136913403821	0.06098021420012623	0.04780107912182792	0.03882501955498691	0.031202492779971135	0.025930838748651812	0.02350872743696455	0.018165834837654427	0.013891520758206329	0.013179135078298309	0.009332252406795019	0.006767663959126159	0.005556608303282531	0.005200415463328523	0.005129176895337721	0.023223773165001346
Lle-CNas_068	58.76352535725066	23.203455098304314	10.219232156369964	4.437061294149629	1.9008261487139695	0.818287489190816	0.3528249701303463	0.15539421041798313	0.07303137828873739	0.03591559564980224	0.01830285158427683	0.009331453840508352	0.005400841451098082	0.0029704627981039446	0.0014702290616878109	0.0012301916638612295	0.0005400841451098081	0.0005400841451098081	0.0002100327230982587	0.0001200186989132907	0.0001200186989132907	0.0001200186989132907	0.0	3.0004674728322675e-05	0.0	0.0	0.0	3.0004674728322675e-05	0.0	0.0	3.0004674728322675e-05
Lle-CNas_069	54.44822812896296	21.243856552194586	10.424222192791326	5.278421326676306	2.850704920382368	1.6299979862009408	1.0446355840107981	0.7217020411939833	0.4973720829394935	0.3700128991993788	0.2920915752444226	0.225327786617126	0.18550536378100752	0.14459440091292222	0.11320816332454639	0.09252590271717734	0.07256933546445282	0.06123037679813207	0.05061711148645584	0.04354160127867169	0.03229335428168151	0.028120617492475467	0.0232221873486249	0.01941229723674113	0.017235217172807543	0.014332443754229433	0.01025041863435396	0.008526896917073205	0.007256933546445282	0.00798262690108981	0.04100167453741584
Lle-CNas_070	53.48860775575549	21.700355504266277	10.916952963178348	5.538334491627387	2.9125486729277563	1.6480545575404941	1.00866111542583	0.6457457838222493	0.46122538184001627	0.33886718085343714	0.2553792612680333	0.2065267286120814	0.16069912057878907	0.12742494972953394	0.09921752762323355	0.08416852762550223	0.06685083416077625	0.05505362813240397	0.04635696984225774	0.03660158793418066	0.030627361804428037	0.025636236177039765	0.023518788941178072	0.019435140700587668	0.015048999997731308	0.013385291455268549	0.010814105526007924	0.010209120601476012	0.007864804018914854	0.006125472360885607	0.03970213567240671
Lle-CNas_071	53.54920704112725	22.495836027091226	11.170124249122656	5.6263336862831155	2.9297286311979134	1.5850341438415172	0.9084161587184241	0.5584362606566043	0.3480654277589358	0.23665798282572872	0.1614782067009406	0.1173717562614224	0.08313219122907521	0.056845041301015115	0.04057204372650172	0.031441493051209135	0.025182647830242443	0.018040200931021638	0.01229679002236985	0.010529586665861608	0.009498718041231799	0.006332478694154532	0.004491641864458449	0.0034607732398286403	0.0027980719811380493	0.0016199364101325549	0.001104502097817651	0.001988103776071772	0.0011781355710054945	0.00036816736593921705	0.0024299046151988325
Lle-CNas_072	54.620904052171326	22.31535920411624	10.890251555364939	5.40782859345543	2.7653198019762906	1.5014254497040564	0.8640185446599247	0.5238708557039695	0.3425157641449736	0.22766411747757892	0.15405644701892224	0.10728696203580793	0.07617308524676002	0.053873710550169644	0.03828388222246488	0.02881158146639109	0.02052331830482653	0.016116067258597756	0.011577256479645736	0.008156703428841314	0.006709546368885597	0.0053939490416531274	0.0036178926498892923	0.0023680751890184457	0.0015129369263173404	0.0009866979954243525	0.0008551382627011055	0.0011840375945092229	0.0007235785299778585	0.000657798663616235	0.001973395990848705
Lle-CNas_073	54.32580897454228	22.287379595214578	10.94193621503163	5.450443535023223	2.8107792550930917	1.5528173352581847	0.8988642630624244	0.5456307698592535	0.3521133720719539	0.23463243225079117	0.1627470114179877	0.1209071926931204	0.08367963744973457	0.06187022013015807	0.04276227142116357	0.03162694958730125	0.02510389123492037	0.01601114322857126	0.013309674617989278	0.008960969049735356	0.007050174178835905	0.006193610960846495	0.004875821394708943	0.0036898107851851465	0.002569689653968227	0.0017131264359788179	0.0015813474793650627	0.0005930053047618985	0.0011201211312169195	0.0010542316529100417	0.002174352784126961
Lle-CNas_074	53.69283635889863	22.16563612872405	10.9021459437158	5.502407604447146	2.9113149266047076	1.626083014852775	0.9850956527403804	0.6095012160166768	0.41610570659254753	0.29586120038217667	0.21029216972118475	0.1593986146095718	0.12207667419438895	0.09079410231911753	0.06575447320420394	0.051639993919916624	0.038407669590897246	0.03209686875705724	0.024971771041431425	0.02083242855902024	0.015132350386519588	0.011535872491965605	0.010721575610179796	0.007396530009554417	0.005700078172500652	0.004885781290714844	0.00434291670285764	0.002850039086250326	0.00223931642491097	0.001764309910535916	0.010178711022322592
Lle-CNas_075	51.340720124251646	22.034661234487128	11.385678889521202	5.985422870575259	3.2834362230311616	1.8849969383161955	1.1603984379329781	0.7564994883676291	0.517647599518241	0.3644282356185345	0.2750784345266015	0.20769435609342665	0.16146495825160959	0.1249680652185961	0.10023128216288697	0.08042833835052968	0.06197713131717286	0.050487368695668625	0.041971426987965486	0.03548309044876309	0.026020932995759603	0.021019506913457754	0.01601808083115591	0.014598757213205388	0.010611133715153915	0.009800091647753617	0.008380768029803093	0.005812468149702145	0.004798665565451771	0.005001426082301846	0.024263675183058952
Lle-CNas_076	55.69186526565525	22.39971402237861	10.52782805903149	5.085516414795528	2.59361029519437	1.3895879042787125	0.7894532831436865	0.4820642563658938	0.31428005379923235	0.21399099982649378	0.14403477015348531	0.10022752694576145	0.0738324323725683	0.05205186482266065	0.03937729726536976	0.02787174322064453	0.02042697295641056	0.013782054042879417	0.010275013505182421	0.007936986480051093	0.005660486481896903	0.004245364861422677	0.003507040537696994	0.0020919189172227686	0.0014151216204742257	0.0008613783776799636	0.001230540539542805	0.000492216215817122	0.0006767972967485427	0.0006152702697714025	0.0014766486474513659
Lle-CNas_077	55.031634903977164	22.532741047426	10.869516603332965	5.21460780226468	2.639649612091066	1.3708990829791279	0.7680708698520403	0.46186480610942593	0.30476847658889317	0.20637362251197588	0.14671375563254635	0.10845796415296567	0.08322032300986025	0.06077799022121272	0.04392627414148094	0.033943030018417086	0.0251577751901209	0.019567158481205146	0.014855067255119009	0.012618820571552706	0.011580563182754066	0.008465791016358144	0.006469142191745374	0.0036738338372874968	0.004153029555194561	0.0031946381193804323	0.00199664882461277	0.00199664882461277	0.0015174531067057052	0.001916782871628259	0.0056704826619002665
Lle-CNas_078	54.900168499756965	21.87733387752094	10.446914073626882	5.173041739473017	2.7361724621229837	1.5471083656090436	0.9651535700266001	0.6285792026801239	0.4293271772110102	0.3138998836515555	0.23248431563448166	0.16991691218881042	0.1274022552608345	0.0955871203263992	0.07702238680118303	0.05895365760679327	0.04492382082056122	0.03691689376579242	0.027847100287824226	0.023524776833480008	0.01693500500964374	0.013108685886125909	0.010274375424260847	0.008148642577862051	0.0077943537701289185	0.005597763162183496	0.004960043308263857	0.003968034646611086	0.0024800216541319285	0.0021965906079454223	0.01225839274756639
Lle-CNas_079	56.007091314665644	23.237688760469734	11.014378479843929	5.1670452262073425	2.410385672899122	1.124385423634833	0.5272702762509633	0.25028169408149925	0.12219037178531733	0.06221433167920195	0.03352350333327399	0.01902547837123592	0.009461868922593264	0.006206172089012787	0.0031030860445063935	0.0018821997319137139	0.0013226268386420693	0.0006613134193210347	0.0005087026302469498	0.0004578323672222547	0.0002543513151234749	0.0002034810520987799	0.00010174052604938995	5.087026302469497e-05	0.0	0.0	5.087026302469497e-05	0.0	0.0001526107890740849	0.0	0.00010174052604938995
Lle-CNas_080	56.58420159816251	22.353673450602052	10.463960982509048	4.985381590886178	2.447432902159667	1.2572854615136226	0.6968765843915425	0.40670006764940947	0.24612403950257958	0.16130658332493195	0.10753772221662129	0.07583162748699246	0.05742163699882088	0.038646368921598284	0.026592208482914506	0.02074776705809813	0.017241102203208306	0.011177494224961318	0.009131939726275587	0.0070863852275898555	0.0070133297097796496	0.0035066648548898248	0.003944997961751053	0.0021186100164959356	0.0018263879452551173	0.001607221391824503	0.001168888284963275	0.0010227772493428657	0.0005844441424816375	0.00029222207124081877	0.002556943123357164
Lle-CNas_081	54.205905685232466	22.068157208919594	10.798916881161484	5.412066118189454	2.82515745329063	1.5997223197919266	0.945783354441249	0.6012253832500518	0.41065748260477736	0.2884200815919087	0.20659988575264981	0.15004692857776575	0.11300214745586924	0.08488131920927551	0.06334968872526003	0.049756225624508085	0.03694101422799766	0.02796517790574542	0.02272494976385249	0.02028642775722905	0.014631132039740646	0.010636106624634156	0.009754088026493763	0.007056148785123148	0.004825160566297447	0.004202559202904228	0.0036318412864604437	0.002230988218825701	0.0019715709840785267	0.0019715709840785267	0.007523099807668063
Lle-CNas_082	54.029395967457496	21.906698610109014	10.783253401552194	5.495828278142109	2.876812368375992	1.632393811714189	0.9958421814424601	0.6443082083621766	0.4279289497446915	0.3064580098376826	0.21242779430725708	0.15791222187911153	0.11803170245181042	0.08956652436516799	0.07419971871428133	0.05641812931825533	0.03900241624725044	0.03292886925189999	0.024513713776414443	0.01924509469611044	0.01609855830092889	0.012147093990700887	0.009951836040574221	0.007317526500422221	0.006293072790363109	0.005268619080303999	0.004170990105240666	0.0021952579501266665	0.0026343095401519996	0.0018293816251055551	0.00892738233051511
Lle-CNas_083	52.61670529772252	22.641255772708917	11.49811673602697	5.898424467506015	3.0639804913167925	1.6430819680767002	0.9386688089343096	0.5557055435565155	0.3521791427417514	0.23244481904862246	0.15227440341358056	0.10974731777555356	0.07923756343394968	0.057288099878838955	0.04208809636692479	0.028973291892746143	0.023211557709529578	0.015309750829689724	0.013389172768617534	0.009548016646473161	0.006914081019859874	0.005816607842104339	0.003292419533266607	0.002469314649949955	0.0019205780610721875	0.0017559570844088571	0.0009877258599799823	0.0011523468366433124	0.000768231224428875	0.0008231048833166518	0.002469314649949955
Lle-CNas_084	54.18008569528219	22.599747081878675	11.186460031229393	5.605419184667339	2.868536814430606	1.5108289491337696	0.8312042727747629	0.47517777060954414	0.278780854726229	0.16927815569593874	0.10933142265015944	0.06679778825101125	0.04327583204638164	0.026947483807245563	0.016842177379528478	0.011304241088632672	0.007707437105885912	0.004053540996428887	0.0030258827156440992	0.002283685068410641	0.0006851055205231922	0.0005709212671026603	0.00039964488697186217	0.0004567370136821282	0.0002283685068410641	0.0002283685068410641	0.00017127638013079806	5.7092126710266027e-05	0.0	5.7092126710266027e-05	5.7092126710266027e-05
Lle-CNas_085	54.94794719828875	22.87404202985589	11.006756934591246	5.335561718041542	2.6435549515362218	1.3619745370758074	0.7354506975865014	0.4063970751852534	0.24524992762136283	0.14840611473868323	0.09690362993819703	0.06179101834947995	0.04199157297321871	0.03146377120215533	0.018662921321430537	0.012800849880724791	0.008314570716919373	0.006579876106914613	0.004665730330357634	0.0030506698313876837	0.002213231054144006	0.0020337798875917894	0.000837438777243678	0.0010767069993133003	0.0008972558327610835	0.0004785364441392446	0.0002392682220696223	0.00011963411103481115	0.0	5.9817055517405574e-05	0.0004785364441392446
Lle-CNas_086	53.55659799015058	22.34413562675647	11.120829999796406	5.557964331846092	2.923307662899676	1.6002485354430693	0.9332143942438708	0.5898946514358276	0.37883557827094433	0.2606002704029426	0.1877588753771201	0.13271310066816522	0.09697104969276163	0.07661165356753175	0.05625225744230185	0.04298094737548533	0.03506340443789592	0.023224792616928915	0.016966163437691577	0.015382654850173694	0.010028887720946577	0.00897321532926799	0.006635655033408261	0.005504577470895489	0.004599715420885272	0.0030162068333673916	0.002714586150030652	0.002035939612522989	0.0015835085875178804	0.000678646537507663	0.004675120591719456
Lle-CNas_087	51.52296153966274	21.817589644367178	11.315616880847463	5.9455062187038505	3.246248180045716	1.867990666367245	1.151906509004219	0.7658308137779649	0.5408182841642041	0.3752191752911555	0.2946132327593258	0.22568176714400653	0.18255312630594267	0.13481418248174096	0.10640876730908513	0.08737267755987073	0.07450844503403445	0.058669823484883414	0.047664584098618845	0.03770038087051444	0.0301900485866447	0.026100263679586917	0.023943831637683724	0.019928406456208813	0.01665657853056259	0.013459110330499237	0.010336001856018752	0.009369325423441459	0.007064173930372527	0.006171857223378103	0.03710550306585149
Lle-CNas_088	55.39616253194859	22.623008276049056	10.758996028951293	5.240858487166007	2.610046984681208	1.3818984985402014	0.7618726420865034	0.439824229018083	0.26861615069485084	0.17444840116519364	0.11341129946865318	0.07274194135015656	0.045959681125780735	0.036569357787851434	0.02208709855541117	0.015143549608350775	0.01117580735288769	0.008993549112382994	0.006282258571149885	0.0037032261050988797	0.0023145163156867996	0.0016532259397762856	0.0010580646014568228	0.0007274194135015655	0.00046290326313735996	0.0005951613383194628	0.0005290323007284114	0.0003306451879552571	0.0002645161503642057	0.0	0.0002645161503642057
Lle-CNas_089	54.28375128313597	21.977715589029668	10.717402429897142	5.413280716130387	2.863427001026509	1.6055100151165989	0.9572859936279541	0.6164229571144159	0.42043965341277184	0.2964155023532788	0.21262339552536838	0.15649081910667112	0.11574108312946138	0.08342232700960539	0.064267732421407	0.05065983510778343	0.03756962953978683	0.02825117811850112	0.020707669825079354	0.018267123024266432	0.01412558905925056	0.010131967021556684	0.008283067930031742	0.006434168838506799	0.004585269746981857	0.002588458728134919	0.0028103266191179125	0.002958238546439908	0.001627031200541949	0.00192285505518594	0.0048810936016258485
Lle-CNas_090	54.661101502061356	22.286712112949598	10.915680408368205	5.442460121643125	2.784623375276175	1.4892386246820428	0.855953820851934	0.5163673613757502	0.33425565803340973	0.21373632271231177	0.1476055696789777	0.09768333454597061	0.07326250090947795	0.04977815941833752	0.037099496527415086	0.024204720064488292	0.016712782901670484	0.015055912182970393	0.010589565028213628	0.007419899305483018	0.0050426500134350604	0.004034120010748049	0.002377249292047957	0.0020170600053740243	0.001872984290704451	0.0012966814320261584	0.0010085300026870122	0.0007924164306826524	0.0003601892866739329	0.0005042650013435061	0.0011526057173565853
Lle-CNas_091	54.985283534017306	22.285037936854742	10.784329545564567	5.297927753770288	2.685109582807553	1.4344520214163308	0.8152954427364881	0.498859151156824	0.33144321412780736	0.22413564967065452	0.1625749942715511	0.11432693145547784	0.09310746570192056	0.06446522105358278	0.05316968795282985	0.03937300109405306	0.02799678561400904	0.021461512891430563	0.018072852961204686	0.014845557789560992	0.009036426480602343	0.007826190791235957	0.005889813688249742	0.005405719412503187	0.004114801343845709	0.003630707068099155	0.0015329652065307546	0.0019363771029862163	0.0015329652065307546	0.0015329652065307546	0.006293225584705203
Lle-CNas_092	57.22808425668533	23.185235783362327	10.673874498705164	4.839208107972056	2.1951749847583995	0.993360814824344	0.45203929815926214	0.211669472612662	0.10403440966065766	0.0506538506714694	0.029679171304401328	0.01576596732424617	0.008669534138388137	0.004754260656535431	0.0028315817145541902	0.0019925945398714673	0.0011885651641338577	0.0006641981799571557	0.00038453578839624806	0.0002447045926157942	0.0001747889947255673	6.991559789022692e-05	0.00013983119578045384	0.0	0.0	0.0	0.0	0.0	3.495779894511346e-05	0.0	6.991559789022692e-05
Lle-CNas_093	59.80336370139725	22.89794488295397	9.986510415904453	4.22489986114423	1.7799019831496412	0.7528169299015097	0.3147282670920434	0.13171068070318007	0.05638594500691697	0.025395196606168707	0.012138043123626398	0.005767722619028148	0.002754733191177623	0.002668647778953322	0.0011191103589159091	0.0006886832977944057	0.0006886832977944057	0.0002582562366729021	8.608541222430071e-05	8.608541222430071e-05	0.0	8.608541222430071e-05	0.0	0.0	0.0	0.0	0.0	0.0	0.0	0.0	0.0
Lle-CNas_094	54.804969257272504	22.26333702152691	10.802392190366811	5.3046961442037	2.6709057549825626	1.4325830893990112	0.8126164231992046	0.501197495763246	0.33999075617305563	0.24685219680947915	0.1799044804549083	0.13480580960517655	0.09853079174778358	0.08004313785907366	0.06505693357049819	0.04846006246586086	0.0373254527374333	0.032703539265255814	0.02745136486505413	0.021919074496841693	0.01638678412862925	0.015196291264583538	0.009593971904368408	0.009593971904368408	0.007703189120295803	0.005952464320228575	0.0053222033922043725	0.004481855488172103	0.003011246656115632	0.003011246656115632	0.014005798400537823
Lle-CNas_095	55.411928718722834	23.205587160493092	11.203104275938287	5.333621786827903	2.512673211731071	1.1785882112879649	0.5673249711608566	0.2781888198702257	0.14417709952315808	0.07257261543663096	0.039842328638889236	0.021894662840810163	0.01176651948587757	0.007409928410410242	0.004319355254309488	0.002829922407995871	0.0016756119521028187	0.0009308955289460103	0.0005585373173676062	0.0004095940327362446	0.00014894328463136165	7.447164231568083e-05	0.0	7.447164231568083e-05	3.723582115784041e-05	3.723582115784041e-05	7.447164231568083e-05	3.723582115784041e-05	0.0	0.0	0.00011170746347352123
Lle-CNas_096	58.146753362024825	23.289517810631768	10.381799746315076	4.594705321917949	2.0046880554276636	0.8740805451821071	0.3797840836102137	0.17135319176472802	0.08071395560032862	0.035022686043262856	0.017358310061392452	0.010100175375772435	0.005946423597857364	0.0030169355018541035	0.0019238429287185587	0.0011805399789863885	0.0006558555438813269	0.0004372370292542179	0.00021861851462710895	0.00017489481170168716	0.00030606592047795254	4.372370292542179e-05	4.372370292542179e-05	0.0	4.372370292542179e-05	0.0	0.0	0.0	4.372370292542179e-05	0.0	8.744740585084358e-05
